#src_id	dest_id	edge_type
0	16	4
1	5	4
1	6	4
1	7	4
1	8	4
1	11	4
1	13	4
1	16	4
1	20	4
1	22	4
1	24	4
1	26	4
1	31	4
1	32	4
1	35	4
1	39	4
1	40	4
1	43	4
1	45	4
1	46	4
1	50	4
1	55	4
1	61	4
1	62	4
1	63	4
1	64	4
1	65	4
1	66	4
1	67	4
1	68	4
1	69	4
1	70	4
1	71	4
1	72	4
1	73	4
1	74	4
1	75	4
1	76	4
1	77	4
1	78	4
1	80	4
1	81	4
1	82	4
1	83	4
1	84	4
1	85	4
1	87	4
1	91	4
1	99	4
1	100	4
1	101	4
1	102	4
1	103	4
1	105	4
1	106	4
1	107	4
1	108	4
1	109	4
1	114	4
1	117	4
1	118	4
1	121	4
1	125	4
1	128	4
1	129	4
1	130	4
1	133	4
1	134	4
1	136	4
1	137	4
1	139	4
2	5	4
2	6	4
2	7	4
2	8	4
2	9	4
2	11	4
2	12	4
2	13	4
2	14	4
2	15	4
2	16	4
2	20	4
2	22	4
2	24	4
2	26	4
2	28	4
2	31	4
2	32	4
2	34	4
2	35	4
2	36	4
2	37	4
2	39	4
2	40	4
2	43	4
2	45	4
2	46	4
2	48	4
2	50	4
2	52	4
2	53	4
2	54	4
2	55	4
2	56	4
2	57	4
2	61	4
2	62	4
2	63	4
2	64	4
2	65	4
2	66	4
2	67	4
2	68	4
2	69	4
2	70	4
2	71	4
2	72	4
2	73	4
2	74	4
2	75	4
2	76	4
2	77	4
2	78	4
2	80	4
2	81	4
2	82	4
2	83	4
2	84	4
2	85	4
2	86	4
2	87	4
2	90	4
2	91	4
2	93	4
2	96	4
2	99	4
2	100	4
2	101	4
2	102	4
2	103	4
2	105	4
2	106	4
2	107	4
2	108	4
2	109	4
2	113	4
2	114	4
2	115	4
2	116	4
2	117	4
2	118	4
2	119	4
2	121	4
2	122	4
2	123	4
2	125	4
2	126	4
2	127	4
2	128	4
2	129	4
2	130	4
2	133	4
2	134	4
2	136	4
2	137	4
2	139	4
3	5	4
3	6	4
3	7	4
3	8	4
3	11	4
3	13	4
3	16	4
3	20	4
3	22	4
3	24	4
3	26	4
3	31	4
3	32	4
3	35	4
3	39	4
3	40	4
3	42	4
3	43	4
3	45	4
3	46	4
3	50	4
3	55	4
3	61	4
3	62	4
3	63	4
3	64	4
3	65	4
3	66	4
3	67	4
3	68	4
3	69	4
3	70	4
3	71	4
3	72	4
3	73	4
3	74	4
3	75	4
3	76	4
3	77	4
3	78	4
3	80	4
3	81	4
3	82	4
3	83	4
3	84	4
3	85	4
3	87	4
3	91	4
3	99	4
3	100	4
3	101	4
3	102	4
3	103	4
3	105	4
3	106	4
3	107	4
3	108	4
3	109	4
3	111	4
3	114	4
3	117	4
3	118	4
3	121	4
3	125	4
3	128	4
3	129	4
3	130	4
3	133	4
3	134	4
3	136	4
3	137	4
3	139	4
4	7	4
4	22	4
4	39	4
4	71	4
4	74	4
4	78	4
4	83	4
4	91	4
4	108	4
4	117	4
4	118	4
5	9	4
5	10	4
5	14	4
5	16	4
5	19	4
5	21	4
5	25	4
5	27	4
5	29	4
5	30	4
5	32	4
5	33	4
5	34	4
5	36	4
5	37	4
5	38	4
5	39	4
5	40	4
5	41	4
5	42	4
5	44	4
5	45	4
5	47	4
5	48	4
5	49	4
5	50	4
5	51	4
5	52	4
5	53	4
5	54	4
5	55	4
5	56	4
5	57	4
5	58	4
5	59	4
5	60	4
5	64	4
5	65	4
5	69	4
5	73	4
5	76	4
5	79	4
5	82	4
5	83	4
5	84	4
5	85	4
5	86	4
5	87	4
5	88	4
5	89	4
5	92	4
5	93	4
5	94	4
5	95	4
5	96	4
5	97	4
5	98	4
5	99	4
5	100	4
5	101	4
5	102	4
5	103	4
5	105	4
5	106	4
5	108	4
5	109	4
5	110	4
5	112	4
5	113	4
5	114	4
5	115	4
5	116	4
5	118	4
5	119	4
5	120	4
5	122	4
5	123	4
5	125	4
5	126	4
5	127	4
5	128	4
5	129	4
5	131	4
5	132	4
5	133	4
5	134	4
5	135	4
5	136	4
5	137	4
5	138	4
5	139	4
5	140	4
6	14	4
6	22	4
6	29	4
6	34	4
6	36	4
6	41	4
6	42	4
6	51	4
6	56	4
6	59	4
6	60	4
6	71	4
6	74	4
6	78	4
6	83	4
6	91	4
6	94	4
6	95	4
6	97	4
6	98	4
6	108	4
6	110	4
6	115	4
6	116	4
6	117	4
6	118	4
6	119	4
6	120	4
6	135	4
6	138	4
7	10	4
7	14	4
7	16	4
7	19	4
7	21	4
7	25	4
7	27	4
7	29	4
7	33	4
7	34	4
7	36	4
7	38	4
7	39	4
7	40	4
7	41	4
7	42	4
7	44	4
7	45	4
7	47	4
7	48	4
7	49	4
7	50	4
7	51	4
7	52	4
7	53	4
7	54	4
7	55	4
7	56	4
7	57	4
7	58	4
7	59	4
7	60	4
7	64	4
7	65	4
7	69	4
7	73	4
7	76	4
7	79	4
7	82	4
7	84	4
7	86	4
7	87	4
7	88	4
7	89	4
7	92	4
7	93	4
7	94	4
7	95	4
7	96	4
7	97	4
7	98	4
7	101	4
7	103	4
7	105	4
7	106	4
7	109	4
7	110	4
7	112	4
7	113	4
7	114	4
7	115	4
7	116	4
7	119	4
7	120	4
7	122	4
7	123	4
7	125	4
7	126	4
7	127	4
7	128	4
7	129	4
7	131	4
7	132	4
7	133	4
7	134	4
7	135	4
7	136	4
7	137	4
7	138	4
7	139	4
7	140	4
8	14	4
8	25	4
8	27	4
8	29	4
8	34	4
8	36	4
8	38	4
8	39	4
8	40	4
8	41	4
8	42	4
8	44	4
8	49	4
8	50	4
8	51	4
8	56	4
8	58	4
8	59	4
8	60	4
8	83	4
8	86	4
8	94	4
8	95	4
8	97	4
8	98	4
8	108	4
8	109	4
8	110	4
8	115	4
8	116	4
8	118	4
8	119	4
8	120	4
8	122	4
8	133	4
8	135	4
8	136	4
8	138	4
8	139	4
8	140	4
9	16	4
9	22	4
9	29	4
9	31	4
9	39	4
9	41	4
9	42	4
9	45	4
9	49	4
9	50	4
9	51	4
9	55	4
9	58	4
9	59	4
9	60	4
9	69	4
9	73	4
9	76	4
9	78	4
9	81	4
9	82	4
9	84	4
9	94	4
9	95	4
9	97	4
9	98	4
9	101	4
9	105	4
9	106	4
9	110	4
9	117	4
9	119	4
9	120	4
9	128	4
9	135	4
9	138	4
10	11	4
10	12	4
10	13	4
10	14	4
10	15	4
10	16	4
10	20	4
10	22	4
10	24	4
10	26	4
10	31	4
10	34	4
10	36	4
10	39	4
10	40	4
10	43	4
10	45	4
10	46	4
10	48	4
10	54	4
10	55	4
10	56	4
10	61	4
10	62	4
10	63	4
10	64	4
10	65	4
10	66	4
10	67	4
10	68	4
10	69	4
10	70	4
10	71	4
10	72	4
10	73	4
10	74	4
10	75	4
10	76	4
10	77	4
10	78	4
10	80	4
10	81	4
10	82	4
10	83	4
10	84	4
10	85	4
10	87	4
10	91	4
10	99	4
10	100	4
10	101	4
10	102	4
10	103	4
10	105	4
10	106	4
10	107	4
10	108	4
10	109	4
10	114	4
10	115	4
10	116	4
10	117	4
10	118	4
10	121	4
10	125	4
10	128	4
10	129	4
10	130	4
10	133	4
10	134	4
10	136	4
10	137	4
10	139	4
11	14	4
11	16	4
11	19	4
11	21	4
11	25	4
11	27	4
11	29	4
11	33	4
11	34	4
11	36	4
11	37	4
11	39	4
11	41	4
11	42	4
11	44	4
11	45	4
11	47	4
11	48	4
11	49	4
11	50	4
11	51	4
11	52	4
11	53	4
11	54	4
11	55	4
11	56	4
11	57	4
11	58	4
11	59	4
11	60	4
11	63	4
11	66	4
11	69	4
11	70	4
11	73	4
11	76	4
11	77	4
11	79	4
11	82	4
11	83	4
11	84	4
11	86	4
11	88	4
11	89	4
11	92	4
11	93	4
11	94	4
11	95	4
11	96	4
11	97	4
11	98	4
11	99	4
11	100	4
11	101	4
11	103	4
11	105	4
11	106	4
11	108	4
11	109	4
11	110	4
11	112	4
11	113	4
11	114	4
11	115	4
11	116	4
11	118	4
11	119	4
11	120	4
11	122	4
11	123	4
11	125	4
11	126	4
11	127	4
11	128	4
11	129	4
11	131	4
11	134	4
11	135	4
11	137	4
11	138	4
12	29	4
12	38	4
12	39	4
12	40	4
12	41	4
12	42	4
12	49	4
12	50	4
12	51	4
12	55	4
12	58	4
12	59	4
12	60	4
12	73	4
12	82	4
12	83	4
12	94	4
12	95	4
12	97	4
12	98	4
12	108	4
12	110	4
12	118	4
12	119	4
12	120	4
12	121	4
12	133	4
12	135	4
12	136	4
12	138	4
12	139	4
12	140	4
13	25	4
13	27	4
13	29	4
13	34	4
13	36	4
13	38	4
13	39	4
13	40	4
13	41	4
13	42	4
13	49	4
13	50	4
13	51	4
13	54	4
13	55	4
13	56	4
13	58	4
13	59	4
13	60	4
13	73	4
13	82	4
13	83	4
13	86	4
13	94	4
13	95	4
13	97	4
13	98	4
13	101	4
13	108	4
13	110	4
13	115	4
13	116	4
13	118	4
13	119	4
13	120	4
13	121	4
13	122	4
13	127	4
13	133	4
13	135	4
13	136	4
13	138	4
13	139	4
13	140	4
14	16	4
14	20	4
14	22	4
14	24	4
14	26	4
14	29	4
14	31	4
14	32	4
14	35	4
14	38	4
14	39	4
14	40	4
14	41	4
14	42	4
14	43	4
14	45	4
14	46	4
14	49	4
14	50	4
14	51	4
14	55	4
14	58	4
14	59	4
14	60	4
14	61	4
14	62	4
14	63	4
14	64	4
14	65	4
14	66	4
14	67	4
14	68	4
14	69	4
14	70	4
14	71	4
14	72	4
14	73	4
14	74	4
14	75	4
14	76	4
14	77	4
14	78	4
14	80	4
14	81	4
14	82	4
14	83	4
14	84	4
14	85	4
14	87	4
14	91	4
14	94	4
14	95	4
14	97	4
14	98	4
14	99	4
14	100	4
14	101	4
14	102	4
14	103	4
14	104	4
14	105	4
14	106	4
14	107	4
14	108	4
14	109	4
14	110	4
14	111	4
14	112	4
14	114	4
14	117	4
14	118	4
14	119	4
14	120	4
14	121	4
14	125	4
14	128	4
14	129	4
14	130	4
14	131	4
14	132	4
14	133	4
14	134	4
14	135	4
14	136	4
14	137	4
14	138	4
14	139	4
14	140	4
15	29	4
15	39	4
15	41	4
15	42	4
15	49	4
15	50	4
15	51	4
15	55	4
15	58	4
15	59	4
15	60	4
15	73	4
15	76	4
15	82	4
15	83	4
15	84	4
15	94	4
15	95	4
15	97	4
15	98	4
15	100	4
15	106	4
15	108	4
15	110	4
15	114	4
15	118	4
15	119	4
15	120	4
15	128	4
15	135	4
15	138	4
16	20	4
16	22	4
16	23	4
16	24	4
16	25	4
16	26	4
16	27	4
16	28	4
16	29	4
16	30	4
16	31	4
16	32	4
16	33	4
16	34	4
16	35	4
16	36	4
16	37	4
16	38	4
16	39	4
16	40	4
16	41	4
16	42	4
16	43	4
16	44	4
16	45	4
16	46	4
16	47	4
16	48	4
16	49	4
16	50	4
16	51	4
16	52	4
16	53	4
16	54	4
16	55	4
16	56	4
16	57	4
16	58	4
16	59	4
16	60	4
16	62	4
16	64	4
16	66	4
16	69	4
16	71	4
16	72	4
16	73	4
16	74	4
16	76	4
16	78	4
16	80	4
16	82	4
16	83	4
16	84	4
16	86	4
16	88	4
16	89	4
16	91	4
16	92	4
16	93	4
16	94	4
16	95	4
16	96	4
16	97	4
16	98	4
16	99	4
16	100	4
16	101	4
16	102	4
16	103	4
16	104	4
16	105	4
16	106	4
16	107	4
16	108	4
16	109	4
16	110	4
16	111	4
16	112	4
16	113	4
16	114	4
16	115	4
16	116	4
16	117	4
16	118	4
16	119	4
16	120	4
16	121	4
16	122	4
16	123	4
16	124	4
16	125	4
16	126	4
16	127	4
16	128	4
16	129	4
16	130	4
16	131	4
16	132	4
16	133	4
16	134	4
16	135	4
16	136	4
16	137	4
16	138	4
16	139	4
16	140	4
17	39	4
18	39	4
18	40	4
18	42	4
18	50	4
18	54	4
18	55	4
18	56	4
18	73	4
18	76	4
18	82	4
18	83	4
18	84	4
18	94	4
18	95	4
18	97	4
18	98	4
18	100	4
18	102	4
18	106	4
18	108	4
18	110	4
18	114	4
18	116	4
18	118	4
18	119	4
18	122	4
18	128	4
18	133	4
18	136	4
18	139	4
19	22	4
19	24	4
19	26	4
19	31	4
19	39	4
19	40	4
19	42	4
19	45	4
19	46	4
19	50	4
19	54	4
19	55	4
19	56	4
19	64	4
19	67	4
19	68	4
19	69	4
19	70	4
19	71	4
19	72	4
19	73	4
19	74	4
19	75	4
19	76	4
19	77	4
19	78	4
19	80	4
19	81	4
19	82	4
19	83	4
19	84	4
19	91	4
19	94	4
19	95	4
19	97	4
19	98	4
19	100	4
19	102	4
19	103	4
19	105	4
19	106	4
19	107	4
19	108	4
19	109	4
19	110	4
19	112	4
19	114	4
19	116	4
19	117	4
19	118	4
19	119	4
19	121	4
19	122	4
19	125	4
19	128	4
19	129	4
19	130	4
19	133	4
19	134	4
19	136	4
19	137	4
19	139	4
20	25	4
20	27	4
20	29	4
20	32	4
20	34	4
20	36	4
20	38	4
20	39	4
20	40	4
20	41	4
20	42	4
20	47	4
20	48	4
20	49	4
20	50	4
20	51	4
20	52	4
20	53	4
20	54	4
20	55	4
20	56	4
20	57	4
20	58	4
20	59	4
20	60	4
20	61	4
20	62	4
20	63	4
20	64	4
20	65	4
20	66	4
20	73	4
20	76	4
20	82	4
20	83	4
20	84	4
20	85	4
20	86	4
20	87	4
20	89	4
20	92	4
20	93	4
20	94	4
20	95	4
20	96	4
20	97	4
20	98	4
20	99	4
20	100	4
20	101	4
20	102	4
20	106	4
20	108	4
20	110	4
20	113	4
20	114	4
20	115	4
20	116	4
20	118	4
20	119	4
20	120	4
20	121	4
20	122	4
20	126	4
20	127	4
20	128	4
20	133	4
20	135	4
20	136	4
20	138	4
20	139	4
20	140	4
21	31	4
21	39	4
21	40	4
21	42	4
21	50	4
21	54	4
21	55	4
21	56	4
21	64	4
21	71	4
21	72	4
21	73	4
21	74	4
21	76	4
21	78	4
21	80	4
21	82	4
21	83	4
21	84	4
21	91	4
21	94	4
21	95	4
21	97	4
21	98	4
21	100	4
21	102	4
21	106	4
21	108	4
21	110	4
21	114	4
21	116	4
21	117	4
21	118	4
21	119	4
21	121	4
21	122	4
21	128	4
21	130	4
21	133	4
21	136	4
21	139	4
22	25	4
22	27	4
22	29	4
22	30	4
22	32	4
22	33	4
22	34	4
22	36	4
22	37	4
22	38	4
22	39	4
22	40	4
22	41	4
22	42	4
22	44	4
22	45	4
22	47	4
22	48	4
22	49	4
22	50	4
22	51	4
22	52	4
22	53	4
22	54	4
22	55	4
22	56	4
22	57	4
22	58	4
22	59	4
22	60	4
22	61	4
22	62	4
22	63	4
22	64	4
22	65	4
22	66	4
22	69	4
22	70	4
22	73	4
22	76	4
22	77	4
22	79	4
22	82	4
22	83	4
22	84	4
22	85	4
22	86	4
22	87	4
22	88	4
22	89	4
22	90	4
22	92	4
22	93	4
22	94	4
22	95	4
22	96	4
22	97	4
22	98	4
22	99	4
22	100	4
22	101	4
22	102	4
22	103	4
22	105	4
22	106	4
22	108	4
22	109	4
22	110	4
22	112	4
22	113	4
22	114	4
22	115	4
22	116	4
22	118	4
22	119	4
22	120	4
22	121	4
22	122	4
22	123	4
22	125	4
22	126	4
22	127	4
22	128	4
22	129	4
22	131	4
22	132	4
22	133	4
22	134	4
22	135	4
22	136	4
22	137	4
22	138	4
22	139	4
22	140	4
23	76	4
23	82	4
23	84	4
23	106	4
23	114	4
23	128	4
24	27	4
24	29	4
24	34	4
24	36	4
24	41	4
24	42	4
24	47	4
24	48	4
24	49	4
24	50	4
24	51	4
24	53	4
24	56	4
24	57	4
24	58	4
24	59	4
24	60	4
24	76	4
24	82	4
24	84	4
24	86	4
24	89	4
24	92	4
24	93	4
24	94	4
24	95	4
24	96	4
24	97	4
24	98	4
24	106	4
24	110	4
24	113	4
24	114	4
24	115	4
24	116	4
24	119	4
24	120	4
24	122	4
24	126	4
24	127	4
24	128	4
24	135	4
24	138	4
25	26	4
25	31	4
25	39	4
25	40	4
25	43	4
25	45	4
25	46	4
25	55	4
25	61	4
25	62	4
25	63	4
25	64	4
25	65	4
25	66	4
25	67	4
25	68	4
25	69	4
25	70	4
25	71	4
25	72	4
25	73	4
25	74	4
25	75	4
25	76	4
25	77	4
25	78	4
25	80	4
25	81	4
25	82	4
25	83	4
25	84	4
25	85	4
25	87	4
25	91	4
25	99	4
25	100	4
25	101	4
25	102	4
25	103	4
25	105	4
25	106	4
25	107	4
25	108	4
25	109	4
25	114	4
25	117	4
25	118	4
25	121	4
25	125	4
25	128	4
25	129	4
25	130	4
25	133	4
25	134	4
25	136	4
25	137	4
25	139	4
26	29	4
26	34	4
26	36	4
26	41	4
26	42	4
26	47	4
26	48	4
26	49	4
26	50	4
26	51	4
26	53	4
26	56	4
26	57	4
26	58	4
26	59	4
26	60	4
26	76	4
26	82	4
26	83	4
26	84	4
26	86	4
26	89	4
26	92	4
26	93	4
26	94	4
26	95	4
26	96	4
26	97	4
26	98	4
26	100	4
26	106	4
26	108	4
26	110	4
26	113	4
26	114	4
26	115	4
26	116	4
26	118	4
26	119	4
26	120	4
26	122	4
26	126	4
26	127	4
26	128	4
26	135	4
26	138	4
27	31	4
27	39	4
27	40	4
27	43	4
27	45	4
27	46	4
27	55	4
27	61	4
27	62	4
27	63	4
27	64	4
27	65	4
27	66	4
27	67	4
27	68	4
27	69	4
27	70	4
27	71	4
27	72	4
27	73	4
27	74	4
27	75	4
27	76	4
27	77	4
27	78	4
27	80	4
27	81	4
27	82	4
27	83	4
27	84	4
27	85	4
27	87	4
27	91	4
27	99	4
27	100	4
27	101	4
27	102	4
27	103	4
27	105	4
27	106	4
27	107	4
27	108	4
27	109	4
27	114	4
27	117	4
27	118	4
27	121	4
27	125	4
27	128	4
27	129	4
27	130	4
27	133	4
27	134	4
27	136	4
27	137	4
27	139	4
28	41	4
28	42	4
28	51	4
28	59	4
28	60	4
28	94	4
28	95	4
28	97	4
28	98	4
28	110	4
28	119	4
28	120	4
28	135	4
28	138	4
29	31	4
29	32	4
29	34	4
29	35	4
29	36	4
29	37	4
29	39	4
29	40	4
29	43	4
29	45	4
29	46	4
29	48	4
29	50	4
29	52	4
29	53	4
29	54	4
29	55	4
29	56	4
29	57	4
29	61	4
29	62	4
29	63	4
29	64	4
29	65	4
29	66	4
29	67	4
29	68	4
29	69	4
29	70	4
29	71	4
29	72	4
29	73	4
29	74	4
29	75	4
29	76	4
29	77	4
29	78	4
29	80	4
29	81	4
29	82	4
29	83	4
29	84	4
29	85	4
29	86	4
29	87	4
29	90	4
29	91	4
29	93	4
29	96	4
29	99	4
29	100	4
29	101	4
29	102	4
29	103	4
29	105	4
29	106	4
29	107	4
29	108	4
29	109	4
29	113	4
29	114	4
29	115	4
29	116	4
29	117	4
29	118	4
29	121	4
29	122	4
29	125	4
29	128	4
29	129	4
29	130	4
29	133	4
29	134	4
29	136	4
29	137	4
29	139	4
30	78	4
30	82	4
30	117	4
31	32	4
31	33	4
31	34	4
31	36	4
31	37	4
31	38	4
31	39	4
31	40	4
31	41	4
31	42	4
31	44	4
31	45	4
31	47	4
31	48	4
31	49	4
31	50	4
31	51	4
31	52	4
31	53	4
31	54	4
31	55	4
31	56	4
31	57	4
31	58	4
31	59	4
31	60	4
31	69	4
31	73	4
31	79	4
31	83	4
31	84	4
31	86	4
31	87	4
31	88	4
31	89	4
31	92	4
31	93	4
31	94	4
31	95	4
31	96	4
31	97	4
31	98	4
31	101	4
31	102	4
31	103	4
31	105	4
31	106	4
31	108	4
31	109	4
31	110	4
31	112	4
31	113	4
31	114	4
31	115	4
31	116	4
31	118	4
31	119	4
31	120	4
31	122	4
31	123	4
31	125	4
31	126	4
31	127	4
31	128	4
31	129	4
31	131	4
31	132	4
31	133	4
31	134	4
31	135	4
31	136	4
31	137	4
31	138	4
31	139	4
31	140	4
32	34	4
32	36	4
32	41	4
32	42	4
32	45	4
32	51	4
32	56	4
32	59	4
32	60	4
32	69	4
32	78	4
32	82	4
32	94	4
32	95	4
32	97	4
32	98	4
32	103	4
32	105	4
32	109	4
32	110	4
32	115	4
32	116	4
32	117	4
32	119	4
32	120	4
32	131	4
32	134	4
32	135	4
32	137	4
32	138	4
33	39	4
33	40	4
33	43	4
33	50	4
33	55	4
33	61	4
33	62	4
33	63	4
33	64	4
33	65	4
33	66	4
33	71	4
33	72	4
33	73	4
33	74	4
33	76	4
33	78	4
33	80	4
33	82	4
33	83	4
33	84	4
33	85	4
33	87	4
33	91	4
33	99	4
33	100	4
33	101	4
33	102	4
33	106	4
33	108	4
33	114	4
33	117	4
33	118	4
33	121	4
33	128	4
33	130	4
33	133	4
33	136	4
33	139	4
34	35	4
34	38	4
34	39	4
34	40	4
34	41	4
34	42	4
34	43	4
34	45	4
34	46	4
34	49	4
34	50	4
34	51	4
34	55	4
34	58	4
34	59	4
34	60	4
34	61	4
34	62	4
34	63	4
34	64	4
34	65	4
34	66	4
34	67	4
34	68	4
34	69	4
34	70	4
34	71	4
34	72	4
34	73	4
34	74	4
34	75	4
34	76	4
34	77	4
34	78	4
34	80	4
34	81	4
34	82	4
34	83	4
34	84	4
34	85	4
34	87	4
34	91	4
34	94	4
34	95	4
34	97	4
34	98	4
34	99	4
34	100	4
34	101	4
34	102	4
34	103	4
34	104	4
34	105	4
34	106	4
34	107	4
34	108	4
34	109	4
34	110	4
34	111	4
34	112	4
34	114	4
34	117	4
34	118	4
34	119	4
34	120	4
34	121	4
34	125	4
34	128	4
34	129	4
34	130	4
34	131	4
34	132	4
34	133	4
34	134	4
34	135	4
34	136	4
34	137	4
34	138	4
34	139	4
34	140	4
35	41	4
35	42	4
35	51	4
35	56	4
35	59	4
35	60	4
35	94	4
35	95	4
35	97	4
35	98	4
35	110	4
35	115	4
35	116	4
35	119	4
35	120	4
35	135	4
35	138	4
36	38	4
36	39	4
36	40	4
36	41	4
36	42	4
36	43	4
36	45	4
36	46	4
36	49	4
36	50	4
36	51	4
36	54	4
36	55	4
36	56	4
36	58	4
36	59	4
36	60	4
36	61	4
36	62	4
36	63	4
36	64	4
36	65	4
36	66	4
36	67	4
36	68	4
36	69	4
36	70	4
36	71	4
36	72	4
36	73	4
36	74	4
36	75	4
36	76	4
36	77	4
36	78	4
36	80	4
36	81	4
36	82	4
36	83	4
36	84	4
36	85	4
36	87	4
36	88	4
36	91	4
36	94	4
36	95	4
36	97	4
36	98	4
36	99	4
36	100	4
36	101	4
36	102	4
36	103	4
36	104	4
36	105	4
36	106	4
36	107	4
36	108	4
36	109	4
36	110	4
36	111	4
36	112	4
36	114	4
36	117	4
36	118	4
36	119	4
36	120	4
36	121	4
36	122	4
36	125	4
36	128	4
36	129	4
36	130	4
36	131	4
36	132	4
36	133	4
36	134	4
36	135	4
36	136	4
36	137	4
36	138	4
36	139	4
36	140	4
37	39	4
37	40	4
37	41	4
37	42	4
37	51	4
37	59	4
37	60	4
37	78	4
37	80	4
37	82	4
37	94	4
37	95	4
37	97	4
37	98	4
37	110	4
37	117	4
37	119	4
37	120	4
37	121	4
37	133	4
37	135	4
37	136	4
37	138	4
37	139	4
37	140	4
38	45	4
38	48	4
38	50	4
38	52	4
38	53	4
38	54	4
38	55	4
38	56	4
38	57	4
38	63	4
38	66	4
38	67	4
38	68	4
38	69	4
38	70	4
38	71	4
38	72	4
38	73	4
38	74	4
38	75	4
38	76	4
38	77	4
38	78	4
38	81	4
38	82	4
38	83	4
38	84	4
38	86	4
38	91	4
38	93	4
38	96	4
38	99	4
38	100	4
38	101	4
38	103	4
38	105	4
38	106	4
38	108	4
38	109	4
38	113	4
38	114	4
38	115	4
38	116	4
38	117	4
38	118	4
38	122	4
38	125	4
38	128	4
38	129	4
38	134	4
38	137	4
39	44	4
39	45	4
39	47	4
39	48	4
39	49	4
39	50	4
39	51	4
39	52	4
39	53	4
39	54	4
39	55	4
39	56	4
39	57	4
39	58	4
39	59	4
39	60	4
39	62	4
39	63	4
39	64	4
39	65	4
39	66	4
39	67	4
39	68	4
39	69	4
39	70	4
39	71	4
39	72	4
39	73	4
39	74	4
39	75	4
39	76	4
39	77	4
39	78	4
39	79	4
39	80	4
39	81	4
39	82	4
39	83	4
39	84	4
39	85	4
39	86	4
39	87	4
39	88	4
39	89	4
39	91	4
39	92	4
39	93	4
39	94	4
39	95	4
39	96	4
39	97	4
39	98	4
39	99	4
39	100	4
39	101	4
39	103	4
39	104	4
39	105	4
39	106	4
39	107	4
39	108	4
39	109	4
39	110	4
39	111	4
39	112	4
39	113	4
39	114	4
39	115	4
39	116	4
39	117	4
39	118	4
39	119	4
39	120	4
39	122	4
39	123	4
39	125	4
39	126	4
39	127	4
39	128	4
39	129	4
39	130	4
39	131	4
39	132	4
39	133	4
39	134	4
39	135	4
39	136	4
39	137	4
39	138	4
39	139	4
39	140	4
40	44	4
40	45	4
40	47	4
40	48	4
40	49	4
40	50	4
40	51	4
40	52	4
40	53	4
40	54	4
40	55	4
40	56	4
40	57	4
40	58	4
40	59	4
40	60	4
40	63	4
40	66	4
40	67	4
40	68	4
40	69	4
40	70	4
40	71	4
40	72	4
40	73	4
40	74	4
40	75	4
40	76	4
40	77	4
40	78	4
40	79	4
40	81	4
40	82	4
40	83	4
40	84	4
40	86	4
40	88	4
40	89	4
40	91	4
40	92	4
40	93	4
40	94	4
40	95	4
40	96	4
40	97	4
40	98	4
40	99	4
40	100	4
40	101	4
40	103	4
40	105	4
40	106	4
40	108	4
40	109	4
40	110	4
40	112	4
40	113	4
40	114	4
40	115	4
40	116	4
40	117	4
40	118	4
40	119	4
40	120	4
40	122	4
40	123	4
40	125	4
40	126	4
40	127	4
40	128	4
40	129	4
40	131	4
40	134	4
40	135	4
40	137	4
40	138	4
41	43	4
41	45	4
41	46	4
41	48	4
41	50	4
41	52	4
41	53	4
41	54	4
41	55	4
41	56	4
41	57	4
41	61	4
41	62	4
41	63	4
41	64	4
41	65	4
41	66	4
41	67	4
41	68	4
41	69	4
41	70	4
41	71	4
41	72	4
41	73	4
41	74	4
41	75	4
41	76	4
41	77	4
41	78	4
41	80	4
41	81	4
41	82	4
41	83	4
41	84	4
41	85	4
41	86	4
41	87	4
41	90	4
41	91	4
41	93	4
41	96	4
41	99	4
41	100	4
41	101	4
41	102	4
41	103	4
41	105	4
41	106	4
41	107	4
41	108	4
41	109	4
41	113	4
41	114	4
41	115	4
41	116	4
41	117	4
41	118	4
41	121	4
41	122	4
41	125	4
41	128	4
41	129	4
41	130	4
41	133	4
41	134	4
41	136	4
41	137	4
41	139	4
42	43	4
42	45	4
42	46	4
42	48	4
42	50	4
42	52	4
42	53	4
42	54	4
42	55	4
42	56	4
42	57	4
42	60	4
42	61	4
42	62	4
42	63	4
42	64	4
42	65	4
42	66	4
42	67	4
42	68	4
42	69	4
42	70	4
42	71	4
42	72	4
42	73	4
42	74	4
42	75	4
42	76	4
42	77	4
42	78	4
42	80	4
42	81	4
42	82	4
42	83	4
42	84	4
42	85	4
42	86	4
42	87	4
42	88	4
42	90	4
42	91	4
42	93	4
42	95	4
42	96	4
42	99	4
42	100	4
42	101	4
42	102	4
42	103	4
42	105	4
42	106	4
42	107	4
42	108	4
42	109	4
42	111	4
42	112	4
42	113	4
42	114	4
42	115	4
42	116	4
42	117	4
42	118	4
42	119	4
42	121	4
42	122	4
42	123	4
42	125	4
42	126	4
42	127	4
42	128	4
42	129	4
42	130	4
42	133	4
42	134	4
42	136	4
42	137	4
42	139	4
42	140	4
43	49	4
43	50	4
43	51	4
43	56	4
43	58	4
43	59	4
43	60	4
43	69	4
43	86	4
43	88	4
43	94	4
43	95	4
43	97	4
43	98	4
43	103	4
43	105	4
43	109	4
43	110	4
43	115	4
43	116	4
43	119	4
43	120	4
43	122	4
43	131	4
43	134	4
43	135	4
43	137	4
43	138	4
44	55	4
44	62	4
44	63	4
44	64	4
44	65	4
44	66	4
44	69	4
44	71	4
44	72	4
44	73	4
44	74	4
44	76	4
44	78	4
44	80	4
44	81	4
44	82	4
44	83	4
44	84	4
44	85	4
44	87	4
44	91	4
44	99	4
44	100	4
44	101	4
44	102	4
44	105	4
44	106	4
44	107	4
44	108	4
44	117	4
44	118	4
44	121	4
44	128	4
44	130	4
44	133	4
44	136	4
44	139	4
45	47	4
45	48	4
45	49	4
45	50	4
45	51	4
45	52	4
45	53	4
45	54	4
45	55	4
45	56	4
45	57	4
45	58	4
45	59	4
45	60	4
45	61	4
45	62	4
45	63	4
45	64	4
45	65	4
45	66	4
45	68	4
45	70	4
45	71	4
45	72	4
45	73	4
45	74	4
45	75	4
45	76	4
45	77	4
45	78	4
45	80	4
45	82	4
45	83	4
45	84	4
45	85	4
45	86	4
45	87	4
45	89	4
45	91	4
45	92	4
45	93	4
45	94	4
45	95	4
45	96	4
45	97	4
45	98	4
45	99	4
45	100	4
45	101	4
45	102	4
45	106	4
45	108	4
45	109	4
45	110	4
45	111	4
45	113	4
45	114	4
45	115	4
45	116	4
45	117	4
45	118	4
45	119	4
45	120	4
45	121	4
45	122	4
45	124	4
45	126	4
45	127	4
45	128	4
45	130	4
45	133	4
45	135	4
45	136	4
45	138	4
45	139	4
45	140	4
46	48	4
46	49	4
46	50	4
46	51	4
46	56	4
46	58	4
46	59	4
46	60	4
46	84	4
46	86	4
46	89	4
46	92	4
46	93	4
46	94	4
46	95	4
46	96	4
46	97	4
46	98	4
46	110	4
46	113	4
46	114	4
46	115	4
46	116	4
46	119	4
46	120	4
46	122	4
46	126	4
46	127	4
46	128	4
46	135	4
46	138	4
47	55	4
47	63	4
47	69	4
47	71	4
47	72	4
47	73	4
47	74	4
47	75	4
47	77	4
47	78	4
47	80	4
47	81	4
47	82	4
47	83	4
47	91	4
47	99	4
47	100	4
47	101	4
47	102	4
47	103	4
47	105	4
47	106	4
47	107	4
47	108	4
47	109	4
47	117	4
47	118	4
47	121	4
47	125	4
47	129	4
47	130	4
47	133	4
47	134	4
47	136	4
47	137	4
47	139	4
48	50	4
48	51	4
48	55	4
48	58	4
48	59	4
48	60	4
48	63	4
48	69	4
48	71	4
48	72	4
48	73	4
48	74	4
48	75	4
48	77	4
48	78	4
48	80	4
48	81	4
48	82	4
48	83	4
48	91	4
48	94	4
48	95	4
48	97	4
48	98	4
48	99	4
48	100	4
48	101	4
48	102	4
48	103	4
48	104	4
48	105	4
48	106	4
48	107	4
48	108	4
48	109	4
48	110	4
48	111	4
48	112	4
48	117	4
48	118	4
48	119	4
48	120	4
48	121	4
48	125	4
48	129	4
48	130	4
48	131	4
48	132	4
48	133	4
48	134	4
48	135	4
48	136	4
48	137	4
48	138	4
48	139	4
48	140	4
49	54	4
49	55	4
49	56	4
49	61	4
49	62	4
49	63	4
49	64	4
49	65	4
49	66	4
49	67	4
49	68	4
49	69	4
49	70	4
49	71	4
49	72	4
49	73	4
49	74	4
49	75	4
49	76	4
49	77	4
49	78	4
49	80	4
49	81	4
49	82	4
49	83	4
49	84	4
49	85	4
49	87	4
49	91	4
49	99	4
49	100	4
49	101	4
49	102	4
49	103	4
49	105	4
49	106	4
49	107	4
49	108	4
49	109	4
49	114	4
49	115	4
49	116	4
49	117	4
49	118	4
49	121	4
49	125	4
49	128	4
49	129	4
49	130	4
49	133	4
49	134	4
49	136	4
49	137	4
49	139	4
50	54	4
50	55	4
50	56	4
50	59	4
50	60	4
50	61	4
50	62	4
50	63	4
50	64	4
50	65	4
50	66	4
50	67	4
50	68	4
50	69	4
50	70	4
50	71	4
50	72	4
50	73	4
50	74	4
50	75	4
50	76	4
50	77	4
50	78	4
50	80	4
50	81	4
50	82	4
50	83	4
50	84	4
50	85	4
50	87	4
50	88	4
50	91	4
50	94	4
50	95	4
50	97	4
50	98	4
50	99	4
50	100	4
50	101	4
50	102	4
50	103	4
50	104	4
50	105	4
50	106	4
50	107	4
50	108	4
50	109	4
50	110	4
50	111	4
50	112	4
50	114	4
50	115	4
50	116	4
50	117	4
50	118	4
50	119	4
50	120	4
50	121	4
50	124	4
50	125	4
50	128	4
50	129	4
50	130	4
50	131	4
50	132	4
50	133	4
50	134	4
50	135	4
50	136	4
50	137	4
50	138	4
50	139	4
50	140	4
51	52	4
51	53	4
51	54	4
51	55	4
51	56	4
51	57	4
51	61	4
51	62	4
51	63	4
51	64	4
51	65	4
51	66	4
51	67	4
51	68	4
51	69	4
51	70	4
51	71	4
51	72	4
51	73	4
51	74	4
51	75	4
51	76	4
51	77	4
51	78	4
51	80	4
51	81	4
51	82	4
51	83	4
51	84	4
51	85	4
51	86	4
51	87	4
51	90	4
51	91	4
51	93	4
51	96	4
51	99	4
51	100	4
51	101	4
51	102	4
51	103	4
51	105	4
51	106	4
51	107	4
51	108	4
51	109	4
51	113	4
51	114	4
51	115	4
51	116	4
51	117	4
51	118	4
51	121	4
51	122	4
51	125	4
51	128	4
51	129	4
51	130	4
51	133	4
51	134	4
51	136	4
51	137	4
51	139	4
52	59	4
52	60	4
52	69	4
52	71	4
52	74	4
52	78	4
52	80	4
52	82	4
52	83	4
52	91	4
52	94	4
52	95	4
52	97	4
52	98	4
52	103	4
52	105	4
52	108	4
52	109	4
52	110	4
52	117	4
52	118	4
52	119	4
52	120	4
52	121	4
52	130	4
52	131	4
52	132	4
52	133	4
52	134	4
52	135	4
52	136	4
52	137	4
52	138	4
52	139	4
52	140	4
53	55	4
53	56	4
53	59	4
53	60	4
53	69	4
53	71	4
53	72	4
53	73	4
53	74	4
53	75	4
53	77	4
53	78	4
53	80	4
53	82	4
53	83	4
53	91	4
53	94	4
53	95	4
53	97	4
53	98	4
53	103	4
53	105	4
53	107	4
53	108	4
53	109	4
53	110	4
53	112	4
53	117	4
53	118	4
53	119	4
53	120	4
53	121	4
53	130	4
53	131	4
53	132	4
53	133	4
53	134	4
53	135	4
53	136	4
53	137	4
53	138	4
53	139	4
53	140	4
54	58	4
54	59	4
54	60	4
54	64	4
54	65	4
54	69	4
54	71	4
54	74	4
54	76	4
54	78	4
54	80	4
54	82	4
54	83	4
54	84	4
54	87	4
54	91	4
54	94	4
54	95	4
54	96	4
54	97	4
54	98	4
54	100	4
54	102	4
54	103	4
54	105	4
54	106	4
54	108	4
54	109	4
54	110	4
54	111	4
54	113	4
54	114	4
54	117	4
54	118	4
54	119	4
54	120	4
54	121	4
54	124	4
54	128	4
54	130	4
54	131	4
54	132	4
54	133	4
54	134	4
54	135	4
54	136	4
54	137	4
54	138	4
54	139	4
54	140	4
55	57	4
55	58	4
55	59	4
55	60	4
55	64	4
55	65	4
55	69	4
55	71	4
55	74	4
55	76	4
55	78	4
55	79	4
55	80	4
55	82	4
55	83	4
55	84	4
55	86	4
55	87	4
55	88	4
55	89	4
55	91	4
55	92	4
55	93	4
55	94	4
55	95	4
55	96	4
55	97	4
55	98	4
55	100	4
55	102	4
55	103	4
55	105	4
55	106	4
55	108	4
55	109	4
55	110	4
55	111	4
55	113	4
55	114	4
55	115	4
55	116	4
55	117	4
55	118	4
55	119	4
55	120	4
55	121	4
55	122	4
55	124	4
55	126	4
55	127	4
55	128	4
55	130	4
55	131	4
55	132	4
55	133	4
55	134	4
55	135	4
55	136	4
55	137	4
55	138	4
55	139	4
55	140	4
56	58	4
56	59	4
56	60	4
56	61	4
56	62	4
56	63	4
56	64	4
56	65	4
56	66	4
56	67	4
56	68	4
56	69	4
56	70	4
56	71	4
56	72	4
56	73	4
56	74	4
56	75	4
56	76	4
56	77	4
56	78	4
56	80	4
56	81	4
56	82	4
56	83	4
56	84	4
56	85	4
56	87	4
56	91	4
56	94	4
56	95	4
56	96	4
56	97	4
56	98	4
56	99	4
56	100	4
56	101	4
56	102	4
56	103	4
56	104	4
56	105	4
56	106	4
56	107	4
56	108	4
56	109	4
56	110	4
56	111	4
56	112	4
56	113	4
56	114	4
56	117	4
56	118	4
56	119	4
56	120	4
56	121	4
56	124	4
56	125	4
56	128	4
56	129	4
56	130	4
56	131	4
56	132	4
56	133	4
56	134	4
56	135	4
56	136	4
56	137	4
56	138	4
56	139	4
56	140	4
57	59	4
57	60	4
57	69	4
57	71	4
57	72	4
57	73	4
57	74	4
57	75	4
57	77	4
57	78	4
57	80	4
57	82	4
57	83	4
57	91	4
57	94	4
57	95	4
57	97	4
57	98	4
57	103	4
57	105	4
57	107	4
57	108	4
57	109	4
57	110	4
57	112	4
57	117	4
57	118	4
57	119	4
57	120	4
57	121	4
57	130	4
57	131	4
57	132	4
57	133	4
57	134	4
57	135	4
57	136	4
57	137	4
57	138	4
57	139	4
57	140	4
58	61	4
58	62	4
58	63	4
58	64	4
58	65	4
58	66	4
58	67	4
58	68	4
58	69	4
58	70	4
58	71	4
58	72	4
58	73	4
58	74	4
58	75	4
58	76	4
58	77	4
58	78	4
58	80	4
58	81	4
58	82	4
58	83	4
58	84	4
58	85	4
58	87	4
58	91	4
58	99	4
58	100	4
58	101	4
58	102	4
58	103	4
58	105	4
58	106	4
58	107	4
58	108	4
58	109	4
58	114	4
58	115	4
58	116	4
58	117	4
58	118	4
58	121	4
58	125	4
58	128	4
58	129	4
58	130	4
58	133	4
58	134	4
58	136	4
58	137	4
58	139	4
59	61	4
59	62	4
59	63	4
59	64	4
59	65	4
59	66	4
59	67	4
59	68	4
59	69	4
59	70	4
59	71	4
59	72	4
59	73	4
59	74	4
59	75	4
59	76	4
59	77	4
59	78	4
59	80	4
59	81	4
59	82	4
59	83	4
59	84	4
59	85	4
59	86	4
59	87	4
59	90	4
59	91	4
59	93	4
59	96	4
59	99	4
59	100	4
59	101	4
59	102	4
59	103	4
59	105	4
59	106	4
59	107	4
59	108	4
59	109	4
59	113	4
59	114	4
59	115	4
59	116	4
59	117	4
59	118	4
59	121	4
59	122	4
59	125	4
59	128	4
59	129	4
59	130	4
59	133	4
59	134	4
59	136	4
59	137	4
59	139	4
60	61	4
60	62	4
60	63	4
60	64	4
60	65	4
60	66	4
60	67	4
60	68	4
60	69	4
60	70	4
60	71	4
60	72	4
60	73	4
60	74	4
60	75	4
60	76	4
60	77	4
60	78	4
60	80	4
60	81	4
60	82	4
60	83	4
60	84	4
60	85	4
60	86	4
60	87	4
60	90	4
60	91	4
60	93	4
60	94	4
60	96	4
60	99	4
60	100	4
60	101	4
60	102	4
60	103	4
60	105	4
60	106	4
60	107	4
60	108	4
60	109	4
60	113	4
60	114	4
60	115	4
60	116	4
60	117	4
60	118	4
60	119	4
60	121	4
60	122	4
60	123	4
60	125	4
60	126	4
60	127	4
60	128	4
60	129	4
60	130	4
60	133	4
60	134	4
60	136	4
60	137	4
60	139	4
61	69	4
61	78	4
61	86	4
61	94	4
61	95	4
61	97	4
61	98	4
61	103	4
61	105	4
61	109	4
61	110	4
61	115	4
61	116	4
61	119	4
61	120	4
61	122	4
61	131	4
61	134	4
61	135	4
61	137	4
61	138	4
62	69	4
62	78	4
62	86	4
62	88	4
62	94	4
62	95	4
62	97	4
62	98	4
62	103	4
62	105	4
62	109	4
62	110	4
62	115	4
62	116	4
62	119	4
62	120	4
62	122	4
62	131	4
62	134	4
62	135	4
62	137	4
62	138	4
63	69	4
63	76	4
63	78	4
63	80	4
63	82	4
63	84	4
63	86	4
63	88	4
63	89	4
63	92	4
63	93	4
63	94	4
63	95	4
63	96	4
63	97	4
63	98	4
63	103	4
63	105	4
63	109	4
63	110	4
63	113	4
63	114	4
63	115	4
63	116	4
63	119	4
63	120	4
63	122	4
63	126	4
63	127	4
63	128	4
63	131	4
63	132	4
63	133	4
63	134	4
63	135	4
63	136	4
63	137	4
63	138	4
63	139	4
63	140	4
64	69	4
64	71	4
64	72	4
64	73	4
64	74	4
64	77	4
64	78	4
64	79	4
64	83	4
64	86	4
64	88	4
64	91	4
64	94	4
64	95	4
64	97	4
64	98	4
64	101	4
64	103	4
64	105	4
64	106	4
64	108	4
64	109	4
64	110	4
64	112	4
64	115	4
64	116	4
64	117	4
64	118	4
64	119	4
64	120	4
64	122	4
64	127	4
64	129	4
64	131	4
64	134	4
64	135	4
64	137	4
64	138	4
65	69	4
65	71	4
65	72	4
65	73	4
65	74	4
65	76	4
65	78	4
65	82	4
65	83	4
65	84	4
65	86	4
65	88	4
65	89	4
65	91	4
65	92	4
65	93	4
65	94	4
65	95	4
65	96	4
65	97	4
65	98	4
65	101	4
65	103	4
65	105	4
65	108	4
65	109	4
65	110	4
65	112	4
65	113	4
65	114	4
65	115	4
65	116	4
65	117	4
65	118	4
65	119	4
65	120	4
65	122	4
65	126	4
65	127	4
65	128	4
65	131	4
65	134	4
65	135	4
65	137	4
65	138	4
66	69	4
66	78	4
66	79	4
66	80	4
66	86	4
66	88	4
66	94	4
66	95	4
66	97	4
66	98	4
66	103	4
66	105	4
66	106	4
66	109	4
66	110	4
66	111	4
66	115	4
66	116	4
66	119	4
66	120	4
66	122	4
66	131	4
66	132	4
66	133	4
66	134	4
66	135	4
66	136	4
66	137	4
66	138	4
66	139	4
66	140	4
67	86	4
67	94	4
67	95	4
67	97	4
67	98	4
67	106	4
67	110	4
67	115	4
67	116	4
67	119	4
67	120	4
67	122	4
67	127	4
67	133	4
67	135	4
67	136	4
67	138	4
67	139	4
67	140	4
68	82	4
68	86	4
68	94	4
68	95	4
68	97	4
68	98	4
68	105	4
68	106	4
68	110	4
68	115	4
68	116	4
68	119	4
68	120	4
68	122	4
68	127	4
68	133	4
68	135	4
68	136	4
68	138	4
68	139	4
68	140	4
69	70	4
69	71	4
69	72	4
69	73	4
69	74	4
69	75	4
69	76	4
69	77	4
69	78	4
69	80	4
69	82	4
69	83	4
69	84	4
69	85	4
69	86	4
69	87	4
69	89	4
69	91	4
69	92	4
69	93	4
69	94	4
69	95	4
69	96	4
69	97	4
69	98	4
69	99	4
69	100	4
69	101	4
69	102	4
69	106	4
69	108	4
69	109	4
69	110	4
69	111	4
69	113	4
69	114	4
69	115	4
69	116	4
69	117	4
69	118	4
69	119	4
69	120	4
69	121	4
69	122	4
69	124	4
69	126	4
69	127	4
69	128	4
69	130	4
69	133	4
69	135	4
69	136	4
69	138	4
69	139	4
69	140	4
70	74	4
70	78	4
70	80	4
70	82	4
70	83	4
70	86	4
70	91	4
70	94	4
70	95	4
70	97	4
70	98	4
70	100	4
70	105	4
70	106	4
70	108	4
70	110	4
70	111	4
70	115	4
70	116	4
70	117	4
70	118	4
70	119	4
70	120	4
70	122	4
70	127	4
70	133	4
70	135	4
70	136	4
70	138	4
70	139	4
70	140	4
71	73	4
71	76	4
71	79	4
71	82	4
71	84	4
71	86	4
71	87	4
71	88	4
71	89	4
71	90	4
71	92	4
71	93	4
71	94	4
71	95	4
71	96	4
71	97	4
71	98	4
71	101	4
71	103	4
71	105	4
71	106	4
71	109	4
71	110	4
71	112	4
71	113	4
71	114	4
71	115	4
71	116	4
71	119	4
71	120	4
71	121	4
71	122	4
71	123	4
71	125	4
71	126	4
71	127	4
71	128	4
71	129	4
71	131	4
71	132	4
71	133	4
71	134	4
71	135	4
71	136	4
71	137	4
71	138	4
71	139	4
71	140	4
72	76	4
72	79	4
72	82	4
72	84	4
72	86	4
72	87	4
72	88	4
72	89	4
72	92	4
72	93	4
72	94	4
72	95	4
72	96	4
72	97	4
72	98	4
72	103	4
72	105	4
72	106	4
72	109	4
72	110	4
72	113	4
72	114	4
72	115	4
72	116	4
72	119	4
72	120	4
72	121	4
72	122	4
72	126	4
72	127	4
72	128	4
72	131	4
72	132	4
72	133	4
72	134	4
72	135	4
72	136	4
72	137	4
72	138	4
72	139	4
72	140	4
73	76	4
73	78	4
73	79	4
73	80	4
73	82	4
73	83	4
73	84	4
73	86	4
73	87	4
73	88	4
73	89	4
73	91	4
73	92	4
73	93	4
73	94	4
73	95	4
73	96	4
73	97	4
73	98	4
73	100	4
73	102	4
73	103	4
73	105	4
73	106	4
73	108	4
73	109	4
73	110	4
73	111	4
73	113	4
73	114	4
73	115	4
73	116	4
73	117	4
73	118	4
73	119	4
73	120	4
73	121	4
73	122	4
73	124	4
73	126	4
73	127	4
73	128	4
73	130	4
73	131	4
73	132	4
73	133	4
73	134	4
73	135	4
73	136	4
73	137	4
73	138	4
73	139	4
73	140	4
74	76	4
74	79	4
74	82	4
74	84	4
74	86	4
74	87	4
74	88	4
74	89	4
74	90	4
74	92	4
74	93	4
74	94	4
74	95	4
74	96	4
74	97	4
74	98	4
74	101	4
74	103	4
74	105	4
74	106	4
74	109	4
74	110	4
74	112	4
74	113	4
74	114	4
74	115	4
74	116	4
74	119	4
74	120	4
74	121	4
74	122	4
74	123	4
74	125	4
74	126	4
74	127	4
74	128	4
74	129	4
74	131	4
74	132	4
74	133	4
74	134	4
74	135	4
74	136	4
74	137	4
74	138	4
74	139	4
74	140	4
75	82	4
75	84	4
75	86	4
75	89	4
75	92	4
75	93	4
75	94	4
75	95	4
75	96	4
75	97	4
75	98	4
75	105	4
75	106	4
75	110	4
75	113	4
75	114	4
75	115	4
75	116	4
75	119	4
75	120	4
75	122	4
75	126	4
75	127	4
75	128	4
75	133	4
75	135	4
75	136	4
75	138	4
75	139	4
75	140	4
76	77	4
76	78	4
76	79	4
76	80	4
76	83	4
76	86	4
76	88	4
76	91	4
76	94	4
76	95	4
76	97	4
76	98	4
76	101	4
76	103	4
76	104	4
76	105	4
76	106	4
76	107	4
76	108	4
76	109	4
76	110	4
76	111	4
76	112	4
76	115	4
76	116	4
76	117	4
76	118	4
76	119	4
76	120	4
76	122	4
76	125	4
76	127	4
76	129	4
76	130	4
76	131	4
76	132	4
76	133	4
76	134	4
76	135	4
76	136	4
76	137	4
76	138	4
76	139	4
76	140	4
77	80	4
77	82	4
77	83	4
77	84	4
77	86	4
77	89	4
77	91	4
77	92	4
77	93	4
77	94	4
77	95	4
77	96	4
77	97	4
77	98	4
77	100	4
77	102	4
77	105	4
77	106	4
77	110	4
77	111	4
77	113	4
77	114	4
77	115	4
77	116	4
77	117	4
77	118	4
77	119	4
77	120	4
77	122	4
77	126	4
77	127	4
77	128	4
77	133	4
77	135	4
77	136	4
77	138	4
77	139	4
77	140	4
78	79	4
78	82	4
78	83	4
78	84	4
78	85	4
78	86	4
78	87	4
78	88	4
78	89	4
78	90	4
78	92	4
78	93	4
78	94	4
78	95	4
78	96	4
78	97	4
78	98	4
78	99	4
78	100	4
78	101	4
78	102	4
78	103	4
78	105	4
78	106	4
78	108	4
78	109	4
78	110	4
78	112	4
78	113	4
78	114	4
78	115	4
78	116	4
78	118	4
78	119	4
78	120	4
78	121	4
78	122	4
78	123	4
78	125	4
78	126	4
78	127	4
78	128	4
78	129	4
78	131	4
78	132	4
78	133	4
78	134	4
78	135	4
78	136	4
78	137	4
78	138	4
78	139	4
78	140	4
79	82	4
79	83	4
79	84	4
79	91	4
79	101	4
79	108	4
79	114	4
79	117	4
79	118	4
79	121	4
79	128	4
79	130	4
79	133	4
79	136	4
79	139	4
80	82	4
80	83	4
80	84	4
80	86	4
80	88	4
80	89	4
80	92	4
80	93	4
80	94	4
80	95	4
80	96	4
80	97	4
80	98	4
80	99	4
80	100	4
80	101	4
80	103	4
80	105	4
80	106	4
80	108	4
80	109	4
80	110	4
80	112	4
80	113	4
80	114	4
80	115	4
80	116	4
80	118	4
80	119	4
80	120	4
80	122	4
80	123	4
80	125	4
80	126	4
80	127	4
80	128	4
80	129	4
80	131	4
80	134	4
80	135	4
80	137	4
80	138	4
81	86	4
81	89	4
81	92	4
81	93	4
81	94	4
81	95	4
81	96	4
81	97	4
81	98	4
81	109	4
81	110	4
81	113	4
81	114	4
81	115	4
81	116	4
81	118	4
81	119	4
81	120	4
81	122	4
81	126	4
81	127	4
81	128	4
81	133	4
81	135	4
81	136	4
81	138	4
81	139	4
81	140	4
82	86	4
82	87	4
82	88	4
82	89	4
82	91	4
82	92	4
82	93	4
82	94	4
82	95	4
82	96	4
82	97	4
82	98	4
82	101	4
82	102	4
82	103	4
82	104	4
82	105	4
82	106	4
82	107	4
82	108	4
82	109	4
82	110	4
82	111	4
82	112	4
82	113	4
82	114	4
82	115	4
82	116	4
82	117	4
82	118	4
82	119	4
82	120	4
82	122	4
82	123	4
82	125	4
82	126	4
82	127	4
82	128	4
82	129	4
82	130	4
82	131	4
82	132	4
82	133	4
82	134	4
82	135	4
82	136	4
82	137	4
82	138	4
82	139	4
82	140	4
83	86	4
83	87	4
83	88	4
83	89	4
83	90	4
83	92	4
83	93	4
83	94	4
83	95	4
83	96	4
83	97	4
83	98	4
83	101	4
83	103	4
83	105	4
83	106	4
83	107	4
83	109	4
83	110	4
83	111	4
83	112	4
83	113	4
83	114	4
83	115	4
83	116	4
83	117	4
83	119	4
83	120	4
83	121	4
83	122	4
83	123	4
83	125	4
83	126	4
83	127	4
83	128	4
83	129	4
83	131	4
83	132	4
83	133	4
83	134	4
83	135	4
83	136	4
83	137	4
83	138	4
83	139	4
83	140	4
84	86	4
84	88	4
84	91	4
84	94	4
84	95	4
84	97	4
84	98	4
84	99	4
84	100	4
84	101	4
84	103	4
84	104	4
84	105	4
84	106	4
84	107	4
84	108	4
84	109	4
84	110	4
84	111	4
84	112	4
84	115	4
84	116	4
84	117	4
84	118	4
84	119	4
84	120	4
84	121	4
84	122	4
84	124	4
84	125	4
84	127	4
84	129	4
84	130	4
84	131	4
84	132	4
84	133	4
84	134	4
84	135	4
84	136	4
84	137	4
84	138	4
84	139	4
84	140	4
85	86	4
85	88	4
85	94	4
85	95	4
85	97	4
85	98	4
85	103	4
85	105	4
85	109	4
85	110	4
85	115	4
85	116	4
85	117	4
85	119	4
85	120	4
85	122	4
85	127	4
85	131	4
85	134	4
85	135	4
85	137	4
85	138	4
86	87	4
86	91	4
86	94	4
86	95	4
86	97	4
86	98	4
86	99	4
86	100	4
86	101	4
86	102	4
86	103	4
86	104	4
86	105	4
86	106	4
86	107	4
86	108	4
86	109	4
86	110	4
86	111	4
86	112	4
86	114	4
86	117	4
86	118	4
86	119	4
86	120	4
86	121	4
86	125	4
86	128	4
86	129	4
86	130	4
86	131	4
86	132	4
86	133	4
86	134	4
86	135	4
86	136	4
86	137	4
86	138	4
86	139	4
86	140	4
87	94	4
87	95	4
87	97	4
87	98	4
87	101	4
87	103	4
87	105	4
87	108	4
87	109	4
87	110	4
87	112	4
87	115	4
87	116	4
87	117	4
87	118	4
87	119	4
87	120	4
87	122	4
87	127	4
87	131	4
87	134	4
87	135	4
87	137	4
87	138	4
88	91	4
88	94	4
88	99	4
88	100	4
88	101	4
88	102	4
88	106	4
88	108	4
88	117	4
88	118	4
88	119	4
88	121	4
88	128	4
88	130	4
88	133	4
88	136	4
88	139	4
89	91	4
89	100	4
89	102	4
89	103	4
89	105	4
89	106	4
89	107	4
89	108	4
89	109	4
89	117	4
89	118	4
89	119	4
89	121	4
89	125	4
89	129	4
89	130	4
89	133	4
89	134	4
89	136	4
89	137	4
89	139	4
90	94	4
90	95	4
90	97	4
90	98	4
90	108	4
90	110	4
90	117	4
90	118	4
90	119	4
90	120	4
90	135	4
90	138	4
91	92	4
91	93	4
91	94	4
91	95	4
91	96	4
91	97	4
91	98	4
91	101	4
91	103	4
91	105	4
91	106	4
91	109	4
91	110	4
91	112	4
91	113	4
91	114	4
91	115	4
91	116	4
91	119	4
91	120	4
91	121	4
91	122	4
91	123	4
91	125	4
91	126	4
91	127	4
91	128	4
91	129	4
91	131	4
91	132	4
91	133	4
91	134	4
91	135	4
91	136	4
91	137	4
91	138	4
91	139	4
91	140	4
92	99	4
92	100	4
92	101	4
92	102	4
92	103	4
92	105	4
92	106	4
92	107	4
92	108	4
92	109	4
92	111	4
92	117	4
92	118	4
92	121	4
92	125	4
92	129	4
92	130	4
92	133	4
92	134	4
92	136	4
92	137	4
92	139	4
93	97	4
93	98	4
93	99	4
93	100	4
93	101	4
93	102	4
93	103	4
93	104	4
93	105	4
93	106	4
93	107	4
93	108	4
93	109	4
93	110	4
93	111	4
93	112	4
93	117	4
93	118	4
93	119	4
93	120	4
93	121	4
93	125	4
93	129	4
93	130	4
93	131	4
93	132	4
93	133	4
93	134	4
93	135	4
93	136	4
93	137	4
93	138	4
93	139	4
93	140	4
94	96	4
94	99	4
94	100	4
94	101	4
94	102	4
94	103	4
94	105	4
94	106	4
94	107	4
94	108	4
94	109	4
94	111	4
94	112	4
94	113	4
94	114	4
94	115	4
94	116	4
94	117	4
94	118	4
94	121	4
94	122	4
94	125	4
94	128	4
94	129	4
94	130	4
94	133	4
94	134	4
94	136	4
94	137	4
94	139	4
95	96	4
95	99	4
95	100	4
95	101	4
95	102	4
95	103	4
95	105	4
95	106	4
95	107	4
95	108	4
95	109	4
95	111	4
95	113	4
95	114	4
95	115	4
95	116	4
95	117	4
95	118	4
95	119	4
95	121	4
95	122	4
95	123	4
95	125	4
95	126	4
95	127	4
95	128	4
95	129	4
95	130	4
95	131	4
95	132	4
95	133	4
95	134	4
95	135	4
95	136	4
95	137	4
95	138	4
95	139	4
95	140	4
96	98	4
96	99	4
96	100	4
96	101	4
96	102	4
96	103	4
96	104	4
96	105	4
96	106	4
96	107	4
96	108	4
96	109	4
96	110	4
96	111	4
96	112	4
96	117	4
96	118	4
96	119	4
96	120	4
96	121	4
96	125	4
96	129	4
96	130	4
96	131	4
96	132	4
96	133	4
96	134	4
96	135	4
96	136	4
96	137	4
96	138	4
96	139	4
96	140	4
97	99	4
97	100	4
97	101	4
97	102	4
97	103	4
97	105	4
97	106	4
97	107	4
97	108	4
97	109	4
97	111	4
97	113	4
97	114	4
97	115	4
97	116	4
97	117	4
97	118	4
97	121	4
97	122	4
97	125	4
97	128	4
97	129	4
97	130	4
97	133	4
97	134	4
97	136	4
97	137	4
97	139	4
98	99	4
98	100	4
98	101	4
98	102	4
98	103	4
98	105	4
98	106	4
98	107	4
98	108	4
98	109	4
98	111	4
98	113	4
98	114	4
98	115	4
98	116	4
98	117	4
98	118	4
98	119	4
98	121	4
98	122	4
98	123	4
98	125	4
98	126	4
98	127	4
98	128	4
98	129	4
98	130	4
98	133	4
98	134	4
98	136	4
98	137	4
98	139	4
98	140	4
99	103	4
99	105	4
99	109	4
99	110	4
99	113	4
99	114	4
99	115	4
99	116	4
99	117	4
99	119	4
99	120	4
99	122	4
99	128	4
99	131	4
99	132	4
99	133	4
99	134	4
99	135	4
99	136	4
99	137	4
99	138	4
99	139	4
99	140	4
100	103	4
100	105	4
100	107	4
100	109	4
100	110	4
100	112	4
100	113	4
100	114	4
100	115	4
100	116	4
100	117	4
100	119	4
100	120	4
100	122	4
100	126	4
100	127	4
100	128	4
100	131	4
100	132	4
100	133	4
100	134	4
100	135	4
100	136	4
100	137	4
100	138	4
100	139	4
100	140	4
101	102	4
101	103	4
101	105	4
101	106	4
101	108	4
101	109	4
101	110	4
101	111	4
101	113	4
101	114	4
101	115	4
101	116	4
101	117	4
101	118	4
101	119	4
101	120	4
101	121	4
101	122	4
101	124	4
101	128	4
101	130	4
101	131	4
101	132	4
101	133	4
101	134	4
101	135	4
101	136	4
101	137	4
101	138	4
101	139	4
101	140	4
102	103	4
102	105	4
102	109	4
102	110	4
102	112	4
102	113	4
102	114	4
102	115	4
102	116	4
102	117	4
102	119	4
102	120	4
102	122	4
102	126	4
102	127	4
102	128	4
102	131	4
102	134	4
102	135	4
102	137	4
102	138	4
103	106	4
103	108	4
103	110	4
103	111	4
103	113	4
103	114	4
103	115	4
103	116	4
103	117	4
103	118	4
103	119	4
103	120	4
103	121	4
103	122	4
103	124	4
103	126	4
103	127	4
103	128	4
103	130	4
103	133	4
103	135	4
103	136	4
103	138	4
103	139	4
103	140	4
104	113	4
104	114	4
104	115	4
104	116	4
104	119	4
104	122	4
104	126	4
104	127	4
104	128	4
105	106	4
105	108	4
105	109	4
105	110	4
105	111	4
105	113	4
105	114	4
105	115	4
105	116	4
105	117	4
105	118	4
105	119	4
105	120	4
105	121	4
105	122	4
105	124	4
105	126	4
105	127	4
105	128	4
105	130	4
105	133	4
105	135	4
105	136	4
105	138	4
105	139	4
105	140	4
106	112	4
106	113	4
106	114	4
106	115	4
106	116	4
106	117	4
106	118	4
106	119	4
106	120	4
106	121	4
106	122	4
106	124	4
106	126	4
106	127	4
106	128	4
106	130	4
106	131	4
106	132	4
106	133	4
106	134	4
106	135	4
106	136	4
106	137	4
106	138	4
106	139	4
106	140	4
107	113	4
107	114	4
107	115	4
107	116	4
107	118	4
107	119	4
107	120	4
107	122	4
107	126	4
107	127	4
107	128	4
107	135	4
107	138	4
108	111	4
108	112	4
108	113	4
108	114	4
108	115	4
108	116	4
108	117	4
108	119	4
108	120	4
108	121	4
108	122	4
108	123	4
108	125	4
108	126	4
108	127	4
108	128	4
108	129	4
108	131	4
108	132	4
108	133	4
108	134	4
108	135	4
108	136	4
108	137	4
108	138	4
108	139	4
108	140	4
109	111	4
109	113	4
109	114	4
109	115	4
109	116	4
109	117	4
109	118	4
109	119	4
109	120	4
109	121	4
109	122	4
109	124	4
109	126	4
109	127	4
109	128	4
109	130	4
109	133	4
109	135	4
109	136	4
109	138	4
109	139	4
109	140	4
110	111	4
110	113	4
110	114	4
110	115	4
110	116	4
110	117	4
110	118	4
110	119	4
110	121	4
110	122	4
110	123	4
110	125	4
110	126	4
110	127	4
110	128	4
110	129	4
110	130	4
110	131	4
110	132	4
110	133	4
110	134	4
110	135	4
110	136	4
110	137	4
110	138	4
110	139	4
110	140	4
111	113	4
111	114	4
111	115	4
111	116	4
111	118	4
111	119	4
111	122	4
111	126	4
111	127	4
111	128	4
111	134	4
111	137	4
112	113	4
112	114	4
112	115	4
112	116	4
112	117	4
112	118	4
112	119	4
112	121	4
112	122	4
112	126	4
112	127	4
112	128	4
112	130	4
112	133	4
112	135	4
112	136	4
112	138	4
112	139	4
112	140	4
113	117	4
113	118	4
113	119	4
113	120	4
113	121	4
113	125	4
113	129	4
113	130	4
113	131	4
113	132	4
113	133	4
113	134	4
113	135	4
113	136	4
113	137	4
113	138	4
113	139	4
113	140	4
114	115	4
114	116	4
114	117	4
114	118	4
114	119	4
114	120	4
114	121	4
114	122	4
114	124	4
114	125	4
114	127	4
114	129	4
114	130	4
114	131	4
114	132	4
114	133	4
114	134	4
114	135	4
114	136	4
114	137	4
114	138	4
114	139	4
114	140	4
115	117	4
115	118	4
115	119	4
115	120	4
115	121	4
115	125	4
115	128	4
115	129	4
115	130	4
115	131	4
115	132	4
115	133	4
115	134	4
115	135	4
115	136	4
115	137	4
115	138	4
115	139	4
115	140	4
116	117	4
116	118	4
116	119	4
116	120	4
116	121	4
116	125	4
116	128	4
116	129	4
116	130	4
116	131	4
116	132	4
116	133	4
116	134	4
116	135	4
116	136	4
116	137	4
116	138	4
116	139	4
116	140	4
117	119	4
117	120	4
117	121	4
117	122	4
117	123	4
117	125	4
117	126	4
117	127	4
117	128	4
117	129	4
117	131	4
117	132	4
117	133	4
117	134	4
117	135	4
117	136	4
117	137	4
117	138	4
117	139	4
117	140	4
118	119	4
118	120	4
118	121	4
118	122	4
118	123	4
118	125	4
118	126	4
118	127	4
118	128	4
118	129	4
118	131	4
118	132	4
118	133	4
118	134	4
118	135	4
118	136	4
118	137	4
118	138	4
118	139	4
118	140	4
119	121	4
119	122	4
119	124	4
119	125	4
119	128	4
119	129	4
119	130	4
119	133	4
119	134	4
119	136	4
119	137	4
119	139	4
120	121	4
120	122	4
120	123	4
120	125	4
120	126	4
120	127	4
120	128	4
120	129	4
120	130	4
120	133	4
120	134	4
120	136	4
120	137	4
120	139	4
121	122	4
121	126	4
121	127	4
121	128	4
121	129	4
121	131	4
121	134	4
121	135	4
121	137	4
121	138	4
122	124	4
122	125	4
122	128	4
122	129	4
122	130	4
122	131	4
122	132	4
122	133	4
122	134	4
122	135	4
122	136	4
122	137	4
122	138	4
122	139	4
122	140	4
123	130	4
123	133	4
123	136	4
123	139	4
124	125	4
124	126	4
124	127	4
124	128	4
124	129	4
124	134	4
124	137	4
125	127	4
125	128	4
125	130	4
125	133	4
125	135	4
125	136	4
125	138	4
125	139	4
125	140	4
126	129	4
126	130	4
126	133	4
126	134	4
126	136	4
126	137	4
126	139	4
127	129	4
127	130	4
127	133	4
127	134	4
127	136	4
127	137	4
127	139	4
128	129	4
128	130	4
128	131	4
128	132	4
128	133	4
128	134	4
128	135	4
128	136	4
128	137	4
128	138	4
128	139	4
128	140	4
129	133	4
129	135	4
129	136	4
129	138	4
129	139	4
129	140	4
130	131	4
130	134	4
130	135	4
130	137	4
130	138	4
131	133	4
131	136	4
131	139	4
133	137	4
133	138	4
134	136	4
134	138	4
134	139	4
134	140	4
135	136	4
135	137	4
135	139	4
137	139	4
137	140	4
138	139	4
