#src_id	dest_id	edge_type	number_common_taxa	percent_common_taxa
1	0	2	10	0
2	0	2	5	0
3	0	2	7	0
0	4	3	23	0
5	0	2	4	0
0	6	3	18	0
7	0	2	4	0
0	8	3	14	0
9	0	2	7	0
10	0	2	8	0
11	0	2	2	0
0	12	3	13	0
0	13	3	8	0
14	0	2	3	0
0	15	3	7	0
17	0	2	29	0
0	18	3	7	0
0	19	3	3	0
20	0	2	3	0
0	21	3	5	0
22	0	2	1	0
23	0	2	20	0
24	0	2	9	0
25	0	2	11	0
26	0	2	6	0
27	0	2	11	0
28	0	2	31	0
29	0	2	7	0
30	0	2	24	0
31	0	2	6	0
32	0	2	12	0
33	0	2	11	0
34	0	2	3	0
35	0	2	28	0
36	0	2	2	0
37	0	2	14	0
38	0	2	9	0
39	0	2	1	0
40	0	2	1	0
41	0	2	5	0
42	0	2	2	0
43	0	2	17	0
44	0	2	13	0
45	0	2	1	0
46	0	2	15	0
47	0	2	14	0
48	0	2	6	0
49	0	2	8	0
50	0	2	1	0
51	0	2	7	0
52	0	2	10	0
53	0	2	8	0
54	0	2	2	0
55	0	2	1	0
56	0	2	1	0
57	0	2	7	0
58	0	2	8	0
59	0	2	7	0
60	0	2	3	0
0	61	3	22	0
62	0	2	20	0
0	63	3	6	0
64	0	2	5	0
0	65	3	5	0
66	0	2	14	0
0	67	3	17	0
0	68	3	14	0
69	0	2	1	0
0	70	3	8	0
71	0	2	6	0
72	0	2	6	0
73	0	2	1	0
74	0	2	5	0
0	75	3	11	0
76	0	2	4	0
0	77	3	5	0
78	0	2	1	0
0	79	3	14	0
80	0	2	2	0
0	81	3	12	0
82	0	2	1	0
83	0	2	2	0
84	0	2	2	0
0	85	3	11	0
86	0	2	4	0
0	87	3	4	0
88	0	2	7	0
89	0	2	12	0
0	90	3	22	0
91	0	2	5	0
92	0	2	12	0
93	0	2	6	0
94	0	2	4	0
95	0	2	2	0
96	0	2	5	0
97	0	2	6	0
98	0	2	4	0
99	0	2	8	0
100	0	2	4	0
101	0	2	3	0
102	0	2	7	0
103	0	2	2	0
104	0	2	21	0
105	0	2	2	0
106	0	2	1	0
107	0	2	11	0
108	0	2	3	0
109	0	2	1	0
110	0	2	2	0
111	0	2	6	0
112	0	2	5	0
113	0	2	5	0
114	0	2	2	0
115	0	2	3	0
116	0	2	2	0
117	0	2	2	0
118	0	2	2	0
119	0	2	2	0
120	0	2	5	0
121	0	2	8	0
122	0	2	2	0
123	0	2	13	0
124	0	2	17	0
125	0	2	6	0
126	0	2	7	0
127	0	2	6	0
128	0	2	1	0
129	0	2	4	0
130	0	2	6	0
131	0	2	5	0
132	0	2	6	0
133	0	2	1	0
134	0	2	2	0
135	0	2	3	0
136	0	2	1	0
137	0	2	2	0
138	0	2	3	0
139	0	2	1	0
140	0	2	3	0
2	1	2	5	0
3	1	2	7	0
1	4	2	10	0
1	9	3	3	0
1	10	3	7	0
1	12	3	3	0
14	1	2	3	0
1	15	3	2	0
1	17	2	10	0
1	18	3	2	0
1	19	3	2	0
1	21	3	2	0
1	23	2	10	0
1	25	2	10	0
1	27	2	10	0
1	28	3	3	0
29	1	2	7	0
1	30	2	10	0
1	33	3	9	0
34	1	2	3	0
36	1	2	2	0
1	37	3	3	0
1	38	3	7	0
41	1	2	5	0
42	1	2	2	0
1	44	2	10	0
1	47	2	10	0
1	48	3	3	0
1	49	3	7	0
51	1	2	7	0
1	52	3	3	0
1	53	3	2	0
1	54	3	1	0
56	1	2	1	0
1	57	3	3	0
1	58	3	7	0
59	1	2	7	0
60	1	2	3	0
1	79	2	10	0
1	86	3	3	0
1	88	3	4	0
1	89	3	7	0
1	90	3	3	0
1	92	3	9	0
1	93	3	3	0
94	1	2	4	0
95	1	2	2	0
1	96	3	2	0
97	1	2	6	0
98	1	2	4	0
1	104	3	5	0
110	1	2	2	0
1	111	3	1	0
1	112	3	1	0
1	113	3	2	0
115	1	2	3	0
116	1	2	2	0
119	1	2	2	0
120	1	2	5	0
1	122	3	1	0
1	123	3	4	0
1	124	3	6	0
1	126	3	4	0
1	127	3	4	0
1	131	3	3	0
1	132	3	3	0
135	1	2	3	0
138	1	2	3	0
1	140	3	2	0
2	3	3	2	0
2	4	2	5	0
2	10	2	5	0
2	17	2	5	0
2	18	3	1	0
2	19	3	1	0
2	21	3	1	0
2	23	2	5	0
2	25	2	5	0
2	27	2	5	0
2	29	2	5	0
2	30	2	5	0
2	33	3	4	0
2	38	2	5	0
2	41	3	3	0
42	2	2	2	0
2	44	2	5	0
2	47	2	5	0
2	49	2	5	0
2	51	2	5	0
2	58	2	5	0
2	59	2	5	0
60	2	2	3	0
2	79	2	5	0
2	88	3	3	0
2	89	2	5	0
2	92	3	4	0
2	94	3	2	0
95	2	2	2	0
2	97	3	4	0
98	2	2	4	0
2	104	2	5	0
110	2	2	2	0
2	111	3	1	0
2	112	3	1	0
2	120	1	5	0
2	124	2	5	0
2	131	3	2	0
2	132	3	2	0
2	135	3	2	0
2	138	3	2	0
2	140	3	1	0
3	4	2	7	0
3	9	3	3	0
3	10	3	4	0
3	12	3	3	0
14	3	2	3	0
3	15	3	2	0
3	17	2	7	0
3	18	3	1	0
3	19	3	1	0
3	21	3	1	0
3	23	2	7	0
3	25	2	7	0
3	27	2	7	0
3	28	3	3	0
3	29	3	4	0
3	30	2	7	0
3	33	2	7	0
34	3	2	3	0
36	3	2	2	0
3	37	3	3	0
3	38	3	4	0
3	41	3	4	0
3	44	2	7	0
3	47	2	7	0
3	48	3	3	0
3	49	3	4	0
3	51	3	4	0
3	52	3	3	0
3	53	3	2	0
3	54	3	1	0
56	3	2	1	0
3	57	3	3	0
3	58	3	4	0
3	59	3	4	0
3	60	3	2	0
3	79	2	7	0
3	86	3	3	0
3	88	3	3	0
3	89	3	4	0
3	90	3	3	0
3	92	2	7	0
3	93	3	3	0
3	94	3	2	0
95	3	2	2	0
3	96	3	2	0
3	97	3	4	0
3	98	3	2	0
3	104	3	2	0
3	110	3	1	0
3	112	3	1	0
3	113	3	2	0
115	3	2	3	0
116	3	2	2	0
119	3	2	2	0
3	120	3	2	0
3	122	3	1	0
3	123	3	4	0
3	124	3	3	0
3	126	3	4	0
3	127	3	4	0
3	131	3	1	0
3	132	3	1	0
3	135	3	1	0
3	138	3	1	0
3	140	3	1	0
4	6	3	15	0
4	8	3	11	0
4	9	3	6	0
10	4	2	8	0
4	11	3	1	0
4	12	3	13	0
4	13	3	9	0
14	4	2	3	0
4	15	3	8	0
16	4	2	2	0
4	17	3	22	0
4	18	3	8	0
19	4	2	4	0
4	20	3	2	0
21	4	2	7	0
4	23	3	15	0
4	24	3	4	0
25	4	2	11	0
4	26	3	4	0
27	4	2	11	0
4	28	3	16	0
29	4	2	7	0
4	30	3	20	0
4	31	3	2	0
4	32	3	8	0
33	4	2	11	0
34	4	2	3	0
4	35	3	13	0
36	4	2	2	0
4	37	3	12	0
4	38	3	8	0
40	4	2	1	0
41	4	2	5	0
42	4	2	2	0
4	43	3	8	0
44	4	2	13	0
45	4	2	1	0
4	46	3	7	0
47	4	2	14	0
48	4	2	6	0
49	4	2	8	0
50	4	2	1	0
51	4	2	7	0
4	52	3	9	0
4	53	3	7	0
54	4	2	2	0
55	4	2	1	0
56	4	2	1	0
4	57	3	6	0
58	4	2	8	0
59	4	2	7	0
60	4	2	3	0
4	61	3	11	0
4	62	3	8	0
4	63	3	4	0
4	64	3	4	0
4	65	3	6	0
4	66	3	4	0
4	67	3	7	0
4	68	3	4	0
69	4	2	1	0
4	70	3	4	0
4	72	3	1	0
73	4	2	1	0
4	75	3	3	0
4	76	3	2	0
4	77	3	3	0
79	4	2	16	0
4	80	3	1	0
4	81	3	5	0
82	4	2	1	0
4	84	3	1	0
4	85	3	8	0
86	4	2	4	0
4	87	3	5	0
88	4	2	7	0
4	89	3	11	0
4	90	3	18	0
92	4	2	12	0
93	4	2	6	0
94	4	2	4	0
95	4	2	2	0
96	4	2	5	0
97	4	2	6	0
98	4	2	4	0
4	99	3	4	0
4	100	3	2	0
4	101	3	2	0
4	102	3	2	0
103	4	2	2	0
4	104	3	12	0
105	4	2	2	0
106	4	2	1	0
4	107	3	5	0
109	4	2	1	0
110	4	2	2	0
4	111	3	4	0
112	4	2	5	0
113	4	2	5	0
114	4	2	2	0
115	4	2	3	0
116	4	2	2	0
119	4	2	2	0
120	4	2	5	0
4	121	3	3	0
122	4	2	2	0
4	123	3	12	0
4	124	3	9	0
4	125	3	5	0
126	4	2	7	0
127	4	2	6	0
128	4	2	1	0
129	4	2	4	0
4	130	3	1	0
131	4	2	5	0
132	4	2	6	0
133	4	2	1	0
134	4	2	2	0
135	4	2	3	0
136	4	2	1	0
137	4	2	2	0
138	4	2	3	0
139	4	2	1	0
140	4	2	3	0
5	6	3	1	0
5	7	3	3	0
5	8	2	4	0
5	11	3	1	0
5	12	3	1	0
5	13	3	1	0
5	15	3	1	0
5	17	2	4	0
5	18	3	1	0
5	20	3	1	0
22	5	2	1	0
5	23	3	3	0
5	24	3	3	0
5	26	3	1	0
5	28	2	4	0
5	31	3	3	0
5	35	2	4	0
5	43	2	4	0
5	46	2	4	0
5	61	3	3	0
5	62	3	3	0
5	63	3	3	0
5	66	3	3	0
5	67	2	4	0
5	68	2	4	0
5	70	3	2	0
5	71	3	2	0
5	72	3	2	0
5	74	3	2	0
5	75	2	4	0
5	77	3	2	0
78	5	2	1	0
5	80	3	1	0
5	81	2	4	0
5	90	3	2	0
5	91	3	2	0
5	104	2	4	0
5	107	2	4	0
5	111	3	1	0
117	5	2	2	0
5	121	3	2	0
5	124	2	4	0
5	130	2	4	0
6	8	3	12	0
6	9	3	3	0
6	10	3	1	0
6	11	3	1	0
6	12	3	11	0
6	13	3	9	0
6	15	3	6	0
16	6	2	2	0
6	17	3	14	0
6	18	3	6	0
6	19	3	2	0
6	20	3	2	0
6	21	3	5	0
6	23	3	6	0
6	24	3	5	0
6	25	3	1	0
6	26	3	5	0
6	27	3	1	0
6	28	3	18	0
6	30	3	13	0
6	31	3	4	0
6	32	3	11	0
6	33	3	2	0
6	35	3	18	0
6	37	3	10	0
6	38	3	2	0
39	6	2	1	0
40	6	2	1	0
6	43	3	13	0
6	44	3	3	0
45	6	2	1	0
6	46	3	11	0
6	47	3	4	0
6	48	3	3	0
6	49	3	1	0
50	6	2	1	0
6	52	3	7	0
6	53	3	6	0
6	54	3	1	0
55	6	2	1	0
6	57	3	4	0
6	58	3	1	0
6	61	3	16	0
6	62	3	12	0
6	63	3	5	0
6	64	3	4	0
65	6	2	7	0
6	66	3	7	0
6	67	3	9	0
6	68	3	6	0
69	6	2	1	0
6	70	3	6	0
6	72	3	1	0
73	6	2	1	0
6	75	3	4	0
6	76	3	3	0
6	77	3	4	0
6	79	3	6	0
6	80	3	1	0
6	81	3	7	0
82	6	2	1	0
6	84	3	1	0
6	85	3	10	0
6	86	3	1	0
6	87	3	5	0
6	88	3	3	0
6	89	3	5	0
6	90	3	19	0
6	92	3	3	0
6	93	3	3	0
6	96	3	3	0
6	99	3	6	0
6	100	3	2	0
101	6	2	3	0
6	102	3	4	0
103	6	2	2	0
6	104	3	9	0
105	6	2	2	0
106	6	2	1	0
6	107	3	7	0
109	6	2	1	0
6	111	3	4	0
6	112	3	4	0
6	113	3	3	0
114	6	2	2	0
6	121	3	6	0
6	122	3	1	0
6	123	3	8	0
6	124	3	6	0
6	125	3	5	0
6	126	3	3	0
6	127	3	2	0
128	6	2	1	0
129	6	2	4	0
6	130	3	2	0
6	131	3	2	0
6	132	3	3	0
133	6	2	1	0
134	6	2	2	0
136	6	2	1	0
137	6	2	2	0
139	6	2	1	0
6	140	3	1	0
7	8	3	3	0
7	9	3	1	0
7	11	3	1	0
7	12	3	1	0
7	13	3	1	0
7	15	3	1	0
7	17	2	4	0
7	18	3	1	0
7	20	3	1	0
22	7	2	1	0
7	23	2	4	0
7	24	2	4	0
7	26	3	1	0
7	28	2	4	0
7	30	3	1	0
7	31	3	2	0
7	32	3	1	0
7	35	2	4	0
7	37	3	1	0
7	43	2	4	0
7	46	2	4	0
7	61	3	3	0
7	62	3	3	0
7	63	3	3	0
7	66	3	3	0
7	67	2	4	0
7	68	2	4	0
7	70	3	1	0
7	71	3	3	0
7	72	3	3	0
7	74	3	3	0
7	75	2	4	0
7	77	3	1	0
78	7	2	1	0
7	80	3	1	0
7	81	3	3	0
7	83	3	1	0
7	85	3	1	0
7	90	3	1	0
7	91	3	3	0
7	99	3	1	0
7	100	3	1	0
7	102	3	1	0
7	104	2	4	0
7	107	3	3	0
7	108	3	1	0
7	111	3	1	0
117	7	2	2	0
7	118	3	1	0
7	121	3	1	0
7	124	2	4	0
7	130	2	4	0
8	11	3	1	0
8	12	3	9	0
8	13	3	8	0
8	15	3	5	0
16	8	2	2	0
8	17	3	13	0
8	18	3	6	0
8	19	3	2	0
8	20	3	2	0
8	21	3	4	0
22	8	2	1	0
8	23	3	5	0
8	24	3	5	0
8	26	3	3	0
8	28	3	14	0
8	30	3	6	0
8	31	3	5	0
8	32	3	5	0
8	33	3	1	0
8	35	3	14	0
8	37	3	6	0
8	43	3	11	0
45	8	2	1	0
8	46	3	9	0
8	47	3	2	0
8	48	3	2	0
8	52	3	4	0
8	53	3	3	0
8	54	3	1	0
55	8	2	1	0
8	57	3	2	0
8	61	3	13	0
8	62	3	11	0
8	63	3	7	0
8	64	3	4	0
8	65	3	5	0
8	66	3	7	0
8	67	3	11	0
8	68	3	8	0
69	8	2	1	0
8	70	3	6	0
8	71	3	2	0
8	72	3	3	0
73	8	2	1	0
8	74	3	2	0
8	75	3	7	0
8	76	3	2	0
8	77	3	4	0
78	8	2	1	0
8	79	3	4	0
8	80	3	1	0
8	81	3	10	0
82	8	2	1	0
8	84	3	1	0
8	85	3	8	0
8	87	3	4	0
8	88	3	1	0
8	89	3	2	0
8	90	3	13	0
8	91	3	2	0
8	92	3	1	0
8	93	3	1	0
8	96	3	1	0
8	99	3	4	0
8	100	3	2	0
8	101	3	2	0
8	102	3	1	0
8	103	3	1	0
8	104	3	10	0
105	8	2	2	0
106	8	2	1	0
8	107	3	9	0
8	111	3	3	0
8	112	3	3	0
8	113	3	1	0
8	114	3	1	0
117	8	2	2	0
8	121	3	5	0
8	123	3	7	0
8	124	3	6	0
8	125	3	5	0
8	126	3	2	0
8	127	3	1	0
128	8	2	1	0
8	129	3	3	0
8	130	3	4	0
8	131	3	1	0
8	132	3	1	0
8	134	3	1	0
8	137	3	1	0
9	11	3	1	0
9	12	3	5	0
9	13	3	2	0
14	9	2	3	0
9	15	3	4	0
9	17	2	7	0
9	18	3	2	0
9	19	3	1	0
9	20	3	1	0
9	21	3	2	0
9	23	3	6	0
9	24	3	3	0
9	25	3	3	0
9	26	3	2	0
9	27	3	3	0
9	28	2	7	0
9	30	2	7	0
9	32	3	3	0
9	33	3	4	0
34	9	2	3	0
9	35	3	4	0
36	9	2	2	0
9	37	3	6	0
9	38	3	1	0
40	9	2	1	0
9	43	3	2	0
9	44	3	5	0
9	46	3	3	0
9	47	3	4	0
9	48	3	4	0
9	52	3	4	0
9	53	3	3	0
9	54	3	1	0
56	9	2	1	0
9	57	3	3	0
9	61	3	3	0
9	62	3	2	0
9	63	3	1	0
9	64	3	1	0
9	65	3	1	0
9	66	3	1	0
9	67	3	2	0
9	68	3	2	0
9	70	3	1	0
9	71	3	1	0
9	72	3	1	0
9	74	3	1	0
9	75	3	2	0
9	77	3	1	0
9	79	3	4	0
9	80	3	1	0
9	83	3	1	0
9	85	3	2	0
9	86	3	3	0
9	87	3	1	0
9	88	3	3	0
9	89	3	3	0
9	90	3	6	0
9	91	3	1	0
9	92	3	4	0
9	93	3	4	0
9	96	3	3	0
9	99	3	1	0
9	100	3	1	0
9	102	3	2	0
9	103	3	1	0
9	104	3	3	0
9	107	3	1	0
9	108	3	1	0
109	9	2	1	0
9	111	3	1	0
9	112	3	1	0
9	113	3	3	0
9	114	3	1	0
115	9	2	3	0
116	9	2	2	0
9	118	3	1	0
9	121	3	1	0
9	122	3	1	0
9	123	3	3	0
9	124	3	3	0
9	125	3	1	0
9	126	3	2	0
9	127	3	2	0
9	129	3	1	0
9	130	3	2	0
9	131	3	1	0
9	132	3	2	0
133	9	2	1	0
9	134	3	1	0
136	9	2	1	0
9	137	3	1	0
139	9	2	1	0
9	140	3	1	0
10	17	2	8	0
10	18	3	1	0
10	19	3	1	0
10	21	3	1	0
10	23	2	8	0
10	25	2	8	0
10	27	2	8	0
10	28	3	1	0
29	10	2	7	0
10	30	2	8	0
10	32	3	1	0
10	33	3	6	0
10	35	3	1	0
10	37	3	1	0
10	38	3	7	0
41	10	2	5	0
42	10	2	2	0
10	44	2	8	0
10	47	2	8	0
10	49	1	8	0
50	10	2	1	0
51	10	2	7	0
10	52	3	1	0
10	53	3	1	0
10	57	3	1	0
10	58	1	8	0
59	10	2	7	0
60	10	2	3	0
10	79	2	8	0
10	86	3	1	0
10	88	3	3	0
10	89	3	6	0
10	90	3	1	0
10	92	3	7	0
10	93	3	1	0
94	10	2	4	0
95	10	2	2	0
10	96	3	1	0
97	10	2	6	0
98	10	2	4	0
10	104	3	5	0
110	10	2	2	0
10	111	3	1	0
10	112	3	1	0
10	113	3	1	0
119	10	2	2	0
120	10	2	5	0
10	122	3	1	0
10	123	3	3	0
10	124	3	5	0
10	126	3	3	0
10	127	3	3	0
10	131	3	3	0
10	132	3	3	0
135	10	2	3	0
138	10	2	3	0
10	140	3	2	0
11	12	3	1	0
11	13	3	1	0
11	15	2	2	0
11	17	2	2	0
11	18	3	1	0
11	20	3	1	0
22	11	2	1	0
11	23	2	2	0
11	24	2	2	0
11	26	2	2	0
11	28	2	2	0
11	30	3	1	0
11	31	3	1	0
11	32	3	1	0
11	35	2	2	0
11	38	3	1	0
40	11	2	1	0
11	43	2	2	0
11	46	2	2	0
11	61	3	1	0
11	62	3	1	0
11	64	3	1	0
11	65	3	1	0
11	67	3	1	0
11	68	3	1	0
11	71	3	1	0
11	72	3	1	0
11	74	3	1	0
11	75	3	1	0
78	11	2	1	0
11	80	1	2	0
11	81	3	1	0
11	85	3	1	0
11	87	3	1	0
11	90	3	1	0
11	91	3	1	0
11	102	3	1	0
11	104	2	2	0
11	107	2	2	0
11	111	2	2	0
11	117	3	1	0
11	121	3	1	0
11	124	2	2	0
11	130	2	2	0
11	132	3	1	0
133	11	2	1	0
136	11	2	1	0
139	11	2	1	0
11	140	3	1	0
13	12	2	10	0
14	12	2	3	0
12	15	3	8	0
16	12	2	2	0
12	17	3	12	0
12	18	3	7	0
12	19	3	3	0
20	12	2	3	0
12	21	3	6	0
22	12	2	1	0
12	23	3	6	0
12	24	3	3	0
12	25	3	3	0
12	26	3	3	0
12	27	3	3	0
12	28	3	13	0
12	30	3	11	0
12	31	3	1	0
12	32	3	6	0
12	33	3	5	0
34	12	2	3	0
12	35	3	10	0
36	12	2	2	0
12	37	3	11	0
12	43	3	6	0
12	44	3	5	0
45	12	2	1	0
12	46	3	4	0
12	47	3	6	0
48	12	2	6	0
12	52	3	8	0
12	53	3	7	0
12	54	3	1	0
56	12	2	1	0
12	57	3	6	0
12	61	3	8	0
12	62	3	5	0
12	63	3	3	0
12	64	3	1	0
12	65	3	4	0
12	66	3	3	0
12	67	3	5	0
12	68	3	4	0
69	12	2	1	0
12	70	3	3	0
12	71	3	1	0
12	72	3	1	0
12	74	3	1	0
12	75	3	3	0
12	76	3	1	0
12	77	3	2	0
78	12	2	1	0
12	79	3	8	0
12	80	3	1	0
12	81	3	4	0
12	84	3	1	0
12	85	3	5	0
12	86	3	3	0
12	87	3	4	0
12	88	3	4	0
12	89	3	6	0
12	90	3	14	0
12	91	3	1	0
12	92	3	5	0
12	93	3	5	0
12	96	3	4	0
12	99	3	3	0
12	100	3	1	0
12	101	3	2	0
12	102	3	1	0
103	12	2	2	0
12	104	3	5	0
105	12	2	2	0
106	12	2	1	0
12	107	3	3	0
109	12	2	1	0
12	111	3	2	0
12	112	3	3	0
12	113	3	4	0
114	12	2	2	0
115	12	2	3	0
116	12	2	2	0
12	117	3	1	0
12	122	3	1	0
12	123	3	8	0
12	124	3	2	0
12	125	3	4	0
12	126	3	4	0
12	127	3	3	0
128	12	2	1	0
12	129	3	3	0
12	130	3	1	0
12	131	3	2	0
12	132	3	2	0
134	12	2	2	0
137	12	2	2	0
13	15	3	5	0
16	13	2	2	0
13	17	3	7	0
13	18	3	5	0
13	19	3	1	0
20	13	2	3	0
13	21	3	4	0
22	13	2	1	0
13	23	3	3	0
13	24	3	3	0
13	26	3	3	0
13	28	3	8	0
13	30	3	6	0
13	31	3	1	0
13	32	3	4	0
13	33	3	2	0
13	35	3	8	0
13	37	3	6	0
13	43	3	4	0
13	44	3	2	0
45	13	2	1	0
13	46	3	4	0
13	47	3	3	0
13	48	3	3	0
13	52	3	3	0
13	53	3	3	0
13	57	3	2	0
13	61	3	6	0
13	62	3	3	0
13	63	3	3	0
13	64	3	1	0
13	65	3	4	0
13	66	3	1	0
13	67	3	5	0
13	68	3	4	0
69	13	2	1	0
13	70	3	3	0
13	71	3	1	0
13	72	3	1	0
13	74	3	1	0
13	75	3	3	0
13	76	3	1	0
13	77	3	2	0
78	13	2	1	0
13	79	3	5	0
13	80	3	1	0
13	81	3	4	0
13	84	3	1	0
13	85	3	5	0
13	87	3	4	0
13	88	3	3	0
13	89	3	2	0
13	90	3	9	0
13	91	3	1	0
13	92	3	2	0
13	93	3	2	0
13	96	3	2	0
13	99	3	1	0
13	100	3	1	0
13	102	3	1	0
103	13	2	2	0
13	104	3	5	0
105	13	2	2	0
106	13	2	1	0
13	107	3	3	0
109	13	2	1	0
13	111	3	2	0
13	112	3	3	0
13	113	3	2	0
114	13	2	2	0
13	117	3	1	0
13	123	3	5	0
13	124	3	1	0
13	125	3	4	0
13	126	3	1	0
128	13	2	1	0
13	129	3	3	0
13	130	3	1	0
13	131	3	2	0
13	132	3	2	0
134	13	2	2	0
137	13	2	2	0
14	15	3	2	0
14	17	2	3	0
14	18	3	1	0
14	19	3	1	0
14	21	3	1	0
14	23	2	3	0
14	25	2	3	0
14	27	2	3	0
14	28	2	3	0
14	30	2	3	0
14	33	2	3	0
14	34	1	3	0
36	14	2	2	0
14	37	2	3	0
14	44	2	3	0
14	47	2	3	0
14	48	2	3	0
14	52	2	3	0
14	53	3	2	0
14	54	3	1	0
56	14	2	1	0
14	57	2	3	0
14	79	2	3	0
14	86	2	3	0
14	88	3	1	0
14	89	3	2	0
14	90	2	3	0
14	92	2	3	0
14	93	2	3	0
14	96	3	2	0
14	113	3	2	0
14	115	1	3	0
116	14	2	2	0
14	122	3	1	0
14	123	3	2	0
14	124	3	1	0
14	126	3	2	0
14	127	3	2	0
16	15	2	2	0
15	17	3	7	0
15	18	3	7	0
15	19	3	3	0
20	15	2	3	0
15	21	3	6	0
22	15	2	1	0
15	23	3	6	0
15	24	3	4	0
15	25	3	2	0
15	26	3	4	0
15	27	3	2	0
15	28	3	7	0
15	30	3	6	0
15	31	3	1	0
15	32	3	2	0
15	33	3	4	0
15	34	3	2	0
15	35	3	5	0
15	36	3	1	0
15	37	3	5	0
15	38	3	1	0
40	15	2	1	0
15	43	3	3	0
15	44	3	3	0
45	15	2	1	0
15	46	3	4	0
15	47	3	2	0
15	48	3	2	0
15	52	3	3	0
15	53	3	2	0
15	54	3	1	0
56	15	2	1	0
15	57	3	2	0
15	61	3	4	0
15	62	3	2	0
15	63	3	2	0
15	64	3	1	0
15	65	3	3	0
15	66	3	1	0
15	67	3	4	0
15	68	3	3	0
69	15	2	1	0
15	70	3	2	0
15	71	3	1	0
15	72	3	1	0
15	74	3	1	0
15	75	3	3	0
15	77	3	2	0
78	15	2	1	0
15	79	3	6	0
80	15	2	2	0
15	81	3	3	0
15	85	3	3	0
15	86	3	2	0
15	87	3	3	0
15	88	3	3	0
15	89	3	2	0
15	90	3	8	0
15	91	3	1	0
15	92	3	2	0
15	93	3	2	0
15	96	3	1	0
15	99	3	1	0
15	101	3	1	0
15	102	3	1	0
103	15	2	2	0
15	104	3	4	0
15	105	3	1	0
15	107	3	3	0
109	15	2	1	0
15	111	3	2	0
15	112	3	2	0
15	113	3	1	0
15	115	3	2	0
15	116	3	1	0
15	117	3	1	0
15	121	3	1	0
15	122	3	1	0
15	123	3	5	0
15	124	3	2	0
15	125	3	2	0
15	126	3	3	0
15	127	3	3	0
15	129	3	2	0
15	130	3	2	0
15	131	3	2	0
15	132	3	3	0
133	15	2	1	0
134	15	2	2	0
136	15	2	1	0
137	15	2	2	0
139	15	2	1	0
15	140	3	1	0
16	18	2	2	0
16	19	3	1	0
16	21	2	2	0
16	61	2	2	0
16	63	2	2	0
16	65	2	2	0
16	67	3	1	0
16	68	3	1	0
16	70	3	1	0
16	75	3	1	0
16	77	3	1	0
16	79	2	2	0
16	81	3	1	0
16	85	2	2	0
16	87	2	2	0
16	90	2	2	0
17	18	3	7	0
17	19	3	3	0
20	17	2	3	0
17	21	3	5	0
22	17	2	1	0
17	23	3	19	0
17	24	3	8	0
25	17	2	11	0
17	26	3	5	0
27	17	2	11	0
17	28	3	22	0
29	17	2	7	0
17	30	3	22	0
17	31	3	5	0
17	32	3	10	0
33	17	2	11	0
34	17	2	3	0
17	35	3	19	0
36	17	2	2	0
37	17	2	14	0
17	38	3	8	0
40	17	2	1	0
41	17	2	5	0
42	17	2	2	0
17	43	3	14	0
44	17	2	13	0
45	17	2	1	0
17	46	3	12	0
47	17	2	14	0
48	17	2	6	0
49	17	2	8	0
50	17	2	1	0
51	17	2	7	0
52	17	2	10	0
53	17	2	8	0
54	17	2	2	0
55	17	2	1	0
56	17	2	1	0
57	17	2	7	0
58	17	2	8	0
59	17	2	7	0
60	17	2	3	0
17	61	3	15	0
17	62	3	14	0
17	63	3	6	0
64	17	2	5	0
17	65	3	4	0
17	66	3	9	0
17	67	3	12	0
17	68	3	9	0
69	17	2	1	0
17	70	3	6	0
17	71	3	3	0
17	72	3	4	0
73	17	2	1	0
17	74	3	3	0
17	75	3	8	0
17	76	3	2	0
17	77	3	4	0
78	17	2	1	0
17	79	3	14	0
80	17	2	2	0
17	81	3	9	0
82	17	2	1	0
17	83	3	1	0
17	84	3	1	0
17	85	3	8	0
86	17	2	4	0
17	87	3	3	0
88	17	2	7	0
89	17	2	12	0
17	90	3	18	0
17	91	3	3	0
92	17	2	12	0
93	17	2	6	0
94	17	2	4	0
95	17	2	2	0
96	17	2	5	0
97	17	2	6	0
98	17	2	4	0
17	99	3	6	0
17	100	3	3	0
101	17	2	3	0
17	102	3	3	0
103	17	2	2	0
17	104	3	17	0
17	105	3	1	0
106	17	2	1	0
17	107	3	9	0
17	108	3	1	0
109	17	2	1	0
110	17	2	2	0
17	111	3	5	0
17	112	3	4	0
113	17	2	5	0
114	17	2	2	0
115	17	2	3	0
116	17	2	2	0
117	17	2	2	0
17	118	3	1	0
119	17	2	2	0
120	17	2	5	0
17	121	3	6	0
122	17	2	2	0
17	123	3	12	0
17	124	3	14	0
17	125	3	5	0
126	17	2	7	0
127	17	2	6	0
128	17	2	1	0
129	17	2	4	0
130	17	2	6	0
131	17	2	5	0
132	17	2	6	0
133	17	2	1	0
134	17	2	2	0
135	17	2	3	0
136	17	2	1	0
137	17	2	2	0
138	17	2	3	0
139	17	2	1	0
140	17	2	3	0
19	18	2	4	0
20	18	2	3	0
21	18	2	7	0
22	18	2	1	0
18	23	3	5	0
18	24	3	3	0
18	25	3	2	0
18	26	3	3	0
18	27	3	2	0
18	28	3	6	0
18	29	3	1	0
18	30	3	5	0
18	31	3	2	0
18	32	3	1	0
18	33	3	4	0
18	34	3	1	0
18	35	3	5	0
18	36	3	1	0
18	37	3	4	0
18	38	3	1	0
18	41	3	1	0
18	43	3	3	0
18	44	3	3	0
45	18	2	1	0
18	46	3	4	0
18	47	3	2	0
18	48	3	1	0
18	49	3	1	0
18	51	3	1	0
18	52	3	2	0
18	53	3	2	0
18	57	3	1	0
18	58	3	1	0
18	59	3	1	0
18	60	3	1	0
18	61	3	4	0
18	62	3	2	0
18	63	3	2	0
18	64	3	1	0
18	65	3	3	0
18	66	3	1	0
18	67	3	5	0
18	68	3	3	0
69	18	2	1	0
18	70	3	2	0
18	71	3	1	0
18	72	3	1	0
18	74	3	1	0
18	75	3	3	0
18	77	3	2	0
78	18	2	1	0
18	79	3	6	0
18	80	3	1	0
18	81	3	4	0
18	85	3	2	0
18	86	3	1	0
18	87	3	2	0
18	88	3	3	0
18	89	3	2	0
18	90	3	7	0
18	91	3	1	0
18	92	3	1	0
18	93	3	1	0
18	96	3	1	0
18	99	3	1	0
18	101	3	1	0
103	18	2	2	0
18	104	3	5	0
18	105	3	1	0
18	107	3	3	0
109	18	2	1	0
18	111	3	3	0
18	112	3	2	0
18	113	3	1	0
18	115	3	1	0
18	117	3	1	0
18	120	3	1	0
18	121	3	1	0
18	123	3	4	0
18	124	3	3	0
18	125	3	2	0
18	126	3	2	0
18	127	3	2	0
18	129	3	2	0
18	130	3	1	0
18	131	3	3	0
18	132	3	3	0
134	18	2	2	0
18	135	3	1	0
137	18	2	2	0
18	138	3	1	0
18	140	3	1	0
19	21	2	4	0
19	23	3	2	0
19	25	3	2	0
19	27	3	2	0
19	28	3	2	0
19	29	3	1	0
19	30	3	3	0
19	32	3	1	0
19	33	3	2	0
19	34	3	1	0
19	35	3	1	0
19	36	3	1	0
19	37	3	2	0
19	38	3	1	0
19	41	3	1	0
19	43	3	1	0
19	44	3	2	0
19	47	3	2	0
19	48	3	1	0
19	49	3	1	0
19	51	3	1	0
19	52	3	2	0
19	53	3	2	0
19	57	3	1	0
19	58	3	1	0
19	59	3	1	0
19	60	3	1	0
19	61	3	2	0
19	62	3	1	0
19	63	3	1	0
19	65	3	1	0
19	66	3	1	0
19	79	3	3	0
19	85	3	1	0
19	86	3	1	0
19	87	3	1	0
19	88	3	1	0
19	89	3	2	0
19	90	3	3	0
19	92	3	1	0
19	93	3	1	0
19	96	3	1	0
19	99	3	1	0
19	101	3	1	0
19	104	3	1	0
19	111	3	1	0
19	113	3	1	0
19	115	3	1	0
19	120	3	1	0
19	123	3	2	0
19	124	3	1	0
19	126	3	2	0
19	127	3	2	0
19	131	3	1	0
19	132	3	1	0
19	135	3	1	0
19	138	3	1	0
19	140	3	1	0
20	21	3	2	0
22	20	2	1	0
20	23	2	3	0
20	24	2	3	0
20	26	2	3	0
20	28	2	3	0
20	30	3	2	0
20	31	3	1	0
20	33	3	2	0
20	35	2	3	0
20	37	3	2	0
20	43	3	1	0
20	44	3	1	0
45	20	2	1	0
20	46	2	3	0
20	67	2	3	0
20	68	3	2	0
69	20	2	1	0
20	70	3	1	0
20	71	3	1	0
20	72	3	1	0
20	74	3	1	0
20	75	3	2	0
20	77	3	1	0
78	20	2	1	0
20	79	3	2	0
20	80	3	1	0
20	81	3	2	0
20	88	3	2	0
20	90	3	2	0
20	91	3	1	0
103	20	2	2	0
20	104	2	3	0
20	105	3	1	0
20	107	3	2	0
109	20	2	1	0
20	111	3	1	0
20	112	3	2	0
20	117	3	1	0
20	123	3	2	0
20	124	3	1	0
20	125	3	2	0
20	129	3	2	0
20	130	3	1	0
20	131	3	2	0
20	132	3	2	0
134	20	2	2	0
137	20	2	2	0
21	23	3	4	0
21	24	3	2	0
21	25	3	2	0
21	26	3	2	0
21	27	3	2	0
21	28	3	4	0
21	29	3	1	0
21	30	3	5	0
21	32	3	1	0
21	33	3	4	0
21	34	3	1	0
21	35	3	3	0
21	36	3	1	0
21	37	3	4	0
21	38	3	1	0
21	41	3	1	0
21	43	3	1	0
21	44	3	3	0
45	21	2	1	0
21	46	3	2	0
21	47	3	2	0
21	48	3	1	0
21	49	3	1	0
21	51	3	1	0
21	52	3	2	0
21	53	3	2	0
21	57	3	1	0
21	58	3	1	0
21	59	3	1	0
21	60	3	1	0
21	61	3	3	0
21	62	3	1	0
21	63	3	2	0
21	65	3	2	0
21	66	3	1	0
21	67	3	3	0
21	68	3	2	0
69	21	2	1	0
21	70	3	2	0
21	75	3	2	0
21	77	3	2	0
21	79	3	6	0
21	81	3	2	0
21	85	3	2	0
21	86	3	1	0
21	87	3	2	0
21	88	3	3	0
21	89	3	2	0
21	90	3	6	0
21	92	3	1	0
21	93	3	1	0
21	96	3	1	0
21	99	3	1	0
21	101	3	1	0
103	21	2	2	0
21	104	3	3	0
21	105	3	1	0
21	107	3	1	0
109	21	2	1	0
21	111	3	1	0
21	112	3	2	0
21	113	3	1	0
21	115	3	1	0
21	120	3	1	0
21	123	3	4	0
21	124	3	1	0
21	125	3	2	0
21	126	3	2	0
21	127	3	2	0
21	129	3	2	0
21	131	3	3	0
21	132	3	3	0
134	21	2	2	0
21	135	3	1	0
137	21	2	2	0
21	138	3	1	0
21	140	3	1	0
22	23	2	1	0
22	24	2	1	0
22	26	2	1	0
22	28	2	1	0
22	31	2	1	0
22	35	2	1	0
22	43	2	1	0
22	46	2	1	0
22	67	2	1	0
22	68	2	1	0
22	71	2	1	0
22	72	2	1	0
22	74	2	1	0
22	75	2	1	0
22	78	1	1	0
22	80	2	1	0
22	81	2	1	0
22	91	2	1	0
22	104	2	1	0
22	107	2	1	0
22	111	2	1	0
22	117	2	1	0
22	124	2	1	0
22	130	2	1	0
24	23	2	9	0
25	23	2	11	0
26	23	2	6	0
27	23	2	11	0
23	28	3	13	0
29	23	2	7	0
23	30	3	17	0
23	31	3	2	0
23	32	3	5	0
33	23	2	11	0
34	23	2	3	0
23	35	3	10	0
36	23	2	2	0
23	37	3	8	0
38	23	2	9	0
39	23	2	1	0
40	23	2	1	0
41	23	2	5	0
42	23	2	2	0
23	43	3	7	0
23	44	3	12	0
45	23	2	1	0
23	46	3	9	0
23	47	3	11	0
23	48	3	3	0
49	23	2	8	0
50	23	2	1	0
51	23	2	7	0
23	52	3	5	0
23	53	3	3	0
54	23	2	2	0
55	23	2	1	0
56	23	2	1	0
23	57	3	4	0
58	23	2	8	0
59	23	2	7	0
60	23	2	3	0
23	61	3	6	0
23	62	3	5	0
23	63	3	4	0
23	64	3	1	0
23	65	3	1	0
23	66	3	4	0
23	67	3	7	0
23	68	3	6	0
69	23	2	1	0
23	70	3	3	0
23	71	3	3	0
23	72	3	4	0
73	23	2	1	0
23	74	3	3	0
23	75	3	6	0
23	77	3	3	0
78	23	2	1	0
23	79	3	13	0
80	23	2	2	0
23	81	3	5	0
23	83	3	1	0
23	85	3	3	0
86	23	2	4	0
23	87	3	1	0
23	88	3	6	0
23	89	3	8	0
23	90	3	10	0
23	91	3	3	0
23	92	3	10	0
23	93	3	4	0
94	23	2	4	0
95	23	2	2	0
23	96	3	3	0
97	23	2	6	0
98	23	2	4	0
23	99	3	2	0
23	100	3	1	0
23	101	3	1	0
23	102	3	3	0
103	23	2	2	0
23	104	3	13	0
23	105	3	1	0
23	107	3	6	0
23	108	3	1	0
109	23	2	1	0
110	23	2	2	0
23	111	3	3	0
23	112	3	4	0
23	113	3	3	0
115	23	2	3	0
116	23	2	2	0
117	23	2	2	0
23	118	3	1	0
119	23	2	2	0
120	23	2	5	0
23	121	3	3	0
122	23	2	2	0
23	123	3	8	0
23	124	3	12	0
23	125	3	3	0
23	126	3	5	0
23	127	3	5	0
23	129	3	3	0
23	130	3	5	0
131	23	2	5	0
132	23	2	6	0
133	23	2	1	0
134	23	2	2	0
135	23	2	3	0
136	23	2	1	0
137	23	2	2	0
138	23	2	3	0
139	23	2	1	0
140	23	2	3	0
26	24	2	6	0
24	28	2	9	0
24	30	3	6	0
24	31	3	2	0
24	32	3	4	0
24	33	3	2	0
24	35	2	9	0
24	37	3	4	0
24	38	3	2	0
39	24	2	1	0
40	24	2	1	0
24	43	3	7	0
24	44	3	1	0
45	24	2	1	0
24	46	2	9	0
24	52	3	1	0
24	54	3	1	0
55	24	2	1	0
24	61	3	6	0
24	62	3	5	0
24	63	3	4	0
24	64	3	1	0
24	65	3	1	0
24	66	3	4	0
24	67	3	7	0
24	68	3	6	0
69	24	2	1	0
24	70	3	3	0
24	71	3	3	0
24	72	3	4	0
73	24	2	1	0
24	74	3	3	0
24	75	3	6	0
24	77	3	3	0
78	24	2	1	0
24	79	3	2	0
80	24	2	2	0
24	81	3	5	0
24	83	3	1	0
24	85	3	3	0
24	87	3	1	0
24	88	3	2	0
24	90	3	6	0
24	91	3	3	0
24	99	3	2	0
24	100	3	1	0
24	101	3	1	0
24	102	3	3	0
103	24	2	2	0
24	104	3	8	0
24	105	3	1	0
24	107	3	6	0
24	108	3	1	0
109	24	2	1	0
24	111	3	2	0
24	112	3	3	0
117	24	2	2	0
24	118	3	1	0
24	121	3	3	0
24	123	3	3	0
24	124	3	6	0
24	125	3	3	0
24	129	3	3	0
24	130	3	5	0
24	131	3	2	0
24	132	3	3	0
133	24	2	1	0
134	24	2	2	0
136	24	2	1	0
137	24	2	2	0
139	24	2	1	0
24	140	3	1	0
25	27	1	11	0
25	28	3	4	0
29	25	2	7	0
25	30	2	11	0
25	32	3	1	0
25	33	3	9	0
34	25	2	3	0
25	35	3	1	0
36	25	2	2	0
25	37	3	4	0
25	38	3	7	0
41	25	2	5	0
42	25	2	2	0
25	44	2	11	0
25	47	2	11	0
25	48	3	3	0
49	25	2	8	0
50	25	2	1	0
51	25	2	7	0
25	52	3	4	0
25	53	3	3	0
25	54	3	1	0
56	25	2	1	0
25	57	3	4	0
58	25	2	8	0
59	25	2	7	0
60	25	2	3	0
25	79	2	11	0
86	25	2	4	0
25	88	3	4	0
25	89	3	8	0
25	90	3	4	0
25	92	3	10	0
25	93	3	4	0
94	25	2	4	0
95	25	2	2	0
25	96	3	3	0
97	25	2	6	0
98	25	2	4	0
25	104	3	5	0
110	25	2	2	0
25	111	3	1	0
25	112	3	1	0
25	113	3	3	0
115	25	2	3	0
116	25	2	2	0
119	25	2	2	0
120	25	2	5	0
122	25	2	2	0
25	123	3	5	0
25	124	3	6	0
25	126	3	5	0
25	127	3	5	0
25	131	3	3	0
25	132	3	3	0
135	25	2	3	0
138	25	2	3	0
25	140	3	2	0
26	28	2	6	0
26	30	3	5	0
26	31	3	1	0
26	32	3	3	0
26	33	3	2	0
26	35	2	6	0
26	37	3	3	0
26	38	3	2	0
39	26	2	1	0
40	26	2	1	0
26	43	3	4	0
26	44	3	1	0
45	26	2	1	0
26	46	2	6	0
26	52	3	1	0
26	54	3	1	0
55	26	2	1	0
26	61	3	3	0
26	62	3	2	0
26	63	3	1	0
26	64	3	1	0
26	65	3	1	0
26	66	3	1	0
26	67	3	4	0
26	68	3	3	0
69	26	2	1	0
26	70	3	2	0
26	71	3	1	0
26	72	3	2	0
73	26	2	1	0
26	74	3	1	0
26	75	3	3	0
26	77	3	2	0
78	26	2	1	0
26	79	3	2	0
80	26	2	2	0
26	81	3	3	0
26	85	3	2	0
26	87	3	1	0
26	88	3	2	0
26	90	3	5	0
26	91	3	1	0
26	99	3	1	0
26	101	3	1	0
26	102	3	2	0
103	26	2	2	0
26	104	3	5	0
26	105	3	1	0
26	107	3	4	0
109	26	2	1	0
26	111	3	2	0
26	112	3	3	0
26	117	3	1	0
26	121	3	2	0
26	123	3	3	0
26	124	3	3	0
26	125	3	3	0
26	129	3	3	0
26	130	3	2	0
26	131	3	2	0
26	132	3	3	0
133	26	2	1	0
134	26	2	2	0
136	26	2	1	0
137	26	2	2	0
139	26	2	1	0
26	140	3	1	0
27	28	3	4	0
29	27	2	7	0
27	30	2	11	0
27	32	3	1	0
27	33	3	9	0
34	27	2	3	0
27	35	3	1	0
36	27	2	2	0
27	37	3	4	0
27	38	3	7	0
41	27	2	5	0
42	27	2	2	0
27	44	2	11	0
27	47	2	11	0
27	48	3	3	0
49	27	2	8	0
50	27	2	1	0
51	27	2	7	0
27	52	3	4	0
27	53	3	3	0
27	54	3	1	0
56	27	2	1	0
27	57	3	4	0
58	27	2	8	0
59	27	2	7	0
60	27	2	3	0
27	79	2	11	0
86	27	2	4	0
27	88	3	4	0
27	89	3	8	0
27	90	3	4	0
27	92	3	10	0
27	93	3	4	0
94	27	2	4	0
95	27	2	2	0
27	96	3	3	0
97	27	2	6	0
98	27	2	4	0
27	104	3	5	0
110	27	2	2	0
27	111	3	1	0
27	112	3	1	0
27	113	3	3	0
115	27	2	3	0
116	27	2	2	0
119	27	2	2	0
120	27	2	5	0
122	27	2	2	0
27	123	3	5	0
27	124	3	6	0
27	126	3	5	0
27	127	3	5	0
27	131	3	3	0
27	132	3	3	0
135	27	2	3	0
138	27	2	3	0
27	140	3	2	0
28	30	3	17	0
31	28	2	6	0
32	28	2	12	0
28	33	3	5	0
34	28	2	3	0
35	28	2	28	0
36	28	2	2	0
37	28	2	14	0
28	38	3	2	0
39	28	2	1	0
40	28	2	1	0
43	28	2	17	0
28	44	3	6	0
45	28	2	1	0
46	28	2	15	0
28	47	3	7	0
48	28	2	6	0
28	49	3	1	0
50	28	2	1	0
52	28	2	10	0
53	28	2	8	0
54	28	2	2	0
55	28	2	1	0
56	28	2	1	0
57	28	2	7	0
28	58	3	1	0
28	61	3	22	0
62	28	2	20	0
28	63	3	6	0
64	28	2	5	0
28	65	3	5	0
66	28	2	14	0
28	67	3	17	0
28	68	3	14	0
69	28	2	1	0
28	70	3	8	0
71	28	2	6	0
72	28	2	6	0
73	28	2	1	0
74	28	2	5	0
28	75	3	11	0
76	28	2	4	0
28	77	3	5	0
78	28	2	1	0
28	79	3	7	0
80	28	2	2	0
28	81	3	12	0
82	28	2	1	0
83	28	2	2	0
84	28	2	2	0
28	85	3	11	0
86	28	2	4	0
28	87	3	4	0
28	88	3	4	0
28	89	3	7	0
28	90	3	22	0
91	28	2	5	0
28	92	3	6	0
93	28	2	6	0
96	28	2	5	0
99	28	2	8	0
100	28	2	4	0
101	28	2	3	0
102	28	2	7	0
103	28	2	2	0
28	104	3	16	0
105	28	2	2	0
106	28	2	1	0
107	28	2	11	0
108	28	2	3	0
109	28	2	1	0
28	111	3	5	0
28	112	3	4	0
113	28	2	5	0
114	28	2	2	0
115	28	2	3	0
116	28	2	2	0
117	28	2	2	0
118	28	2	2	0
121	28	2	8	0
122	28	2	2	0
28	123	3	11	0
28	124	3	12	0
125	28	2	6	0
28	126	3	5	0
28	127	3	4	0
128	28	2	1	0
129	28	2	4	0
130	28	2	6	0
28	131	3	2	0
28	132	3	3	0
133	28	2	1	0
134	28	2	2	0
136	28	2	1	0
137	28	2	2	0
139	28	2	1	0
28	140	3	1	0
29	30	2	7	0
29	33	3	6	0
29	38	2	7	0
41	29	2	5	0
42	29	2	2	0
29	44	2	7	0
29	47	2	7	0
29	49	2	7	0
29	51	1	7	0
29	58	2	7	0
29	59	1	7	0
60	29	2	3	0
29	79	2	7	0
29	88	3	3	0
29	89	3	5	0
29	92	3	6	0
94	29	2	4	0
95	29	2	2	0
97	29	2	6	0
98	29	2	4	0
29	104	3	5	0
110	29	2	2	0
29	111	3	1	0
29	112	3	1	0
119	29	2	2	0
120	29	2	5	0
29	123	3	2	0
29	124	3	5	0
29	126	3	2	0
29	127	3	2	0
29	131	3	3	0
29	132	3	3	0
135	29	2	3	0
138	29	2	3	0
29	140	3	2	0
32	30	2	12	0
33	30	2	11	0
34	30	2	3	0
30	35	3	14	0
36	30	2	2	0
37	30	2	14	0
38	30	2	9	0
39	30	2	1	0
40	30	2	1	0
41	30	2	5	0
42	30	2	2	0
30	43	3	10	0
44	30	2	13	0
45	30	2	1	0
30	46	3	8	0
47	30	2	14	0
48	30	2	6	0
49	30	2	8	0
50	30	2	1	0
51	30	2	7	0
52	30	2	10	0
53	30	2	8	0
54	30	2	2	0
55	30	2	1	0
56	30	2	1	0
57	30	2	7	0
58	30	2	8	0
59	30	2	7	0
60	30	2	3	0
30	61	3	11	0
30	62	3	9	0
30	63	3	3	0
30	64	3	2	0
30	65	3	4	0
30	66	3	5	0
30	67	3	5	0
30	68	3	4	0
69	30	2	1	0
30	70	3	3	0
30	71	3	1	0
30	72	3	2	0
73	30	2	1	0
30	74	3	1	0
30	75	3	3	0
30	76	3	1	0
30	77	3	2	0
30	79	3	14	0
30	80	3	1	0
30	81	3	3	0
30	83	3	1	0
30	84	3	1	0
30	85	3	7	0
86	30	2	4	0
30	87	3	3	0
88	30	2	7	0
89	30	2	12	0
30	90	3	15	0
30	91	3	1	0
92	30	2	12	0
93	30	2	6	0
94	30	2	4	0
95	30	2	2	0
96	30	2	5	0
97	30	2	6	0
98	30	2	4	0
30	99	3	5	0
30	100	3	2	0
101	30	2	3	0
30	102	3	5	0
103	30	2	2	0
30	104	3	12	0
30	105	3	1	0
106	30	2	1	0
30	107	3	4	0
30	108	3	1	0
109	30	2	1	0
110	30	2	2	0
30	111	3	4	0
30	112	3	4	0
113	30	2	5	0
114	30	2	2	0
115	30	2	3	0
116	30	2	2	0
30	118	3	1	0
119	30	2	2	0
120	30	2	5	0
30	121	3	2	0
122	30	2	2	0
30	123	3	11	0
30	124	3	9	0
30	125	3	4	0
126	30	2	7	0
127	30	2	6	0
128	30	2	1	0
129	30	2	4	0
30	130	3	2	0
131	30	2	5	0
132	30	2	6	0
133	30	2	1	0
134	30	2	2	0
135	30	2	3	0
136	30	2	1	0
137	30	2	2	0
138	30	2	3	0
139	30	2	1	0
140	30	2	3	0
31	35	2	6	0
31	43	2	6	0
31	46	2	6	0
31	61	3	5	0
31	62	3	5	0
31	63	3	2	0
31	64	3	2	0
31	65	3	1	0
31	66	3	4	0
31	67	2	6	0
31	68	3	4	0
31	70	3	2	0
31	71	3	2	0
31	72	3	2	0
31	74	3	2	0
31	75	3	3	0
31	76	3	2	0
31	77	3	1	0
78	31	2	1	0
31	80	3	1	0
31	81	3	5	0
82	31	2	1	0
31	85	3	2	0
31	90	3	4	0
31	91	3	2	0
31	99	3	2	0
31	100	3	1	0
31	104	3	4	0
31	107	3	4	0
31	111	3	2	0
117	31	2	2	0
31	121	3	4	0
31	124	2	6	0
31	130	3	3	0
32	35	2	12	0
32	37	3	9	0
32	38	3	2	0
39	32	2	1	0
40	32	2	1	0
32	43	3	10	0
32	44	3	2	0
32	46	3	6	0
32	47	3	4	0
32	48	3	3	0
32	49	3	1	0
50	32	2	1	0
32	52	3	7	0
32	53	3	6	0
32	54	3	1	0
55	32	2	1	0
32	57	3	4	0
32	58	3	1	0
32	61	3	11	0
32	62	3	9	0
32	63	3	3	0
32	64	3	2	0
32	65	3	4	0
32	66	3	5	0
32	67	3	3	0
32	68	3	3	0
32	70	3	2	0
32	71	3	1	0
32	72	3	2	0
73	32	2	1	0
32	74	3	1	0
32	75	3	2	0
32	76	3	1	0
32	77	3	1	0
32	79	3	2	0
32	80	3	1	0
32	81	3	2	0
32	83	3	1	0
32	84	3	1	0
32	85	3	7	0
32	86	3	1	0
32	87	3	3	0
32	88	3	1	0
32	89	3	5	0
32	90	3	10	0
32	91	3	1	0
32	92	3	3	0
32	93	3	3	0
32	96	3	3	0
32	99	3	5	0
32	100	3	2	0
101	32	2	3	0
32	102	3	5	0
32	104	3	5	0
106	32	2	1	0
32	107	3	3	0
32	108	3	1	0
32	111	3	3	0
32	112	3	1	0
32	113	3	3	0
114	32	2	2	0
32	118	3	1	0
32	121	3	2	0
32	122	3	1	0
32	123	3	5	0
32	124	3	3	0
32	125	3	2	0
32	126	3	3	0
32	127	3	2	0
128	32	2	1	0
32	129	3	2	0
32	130	3	2	0
32	132	3	1	0
133	32	2	1	0
136	32	2	1	0
139	32	2	1	0
32	140	3	1	0
34	33	2	3	0
33	35	3	2	0
36	33	2	2	0
33	37	3	5	0
33	38	3	6	0
41	33	2	5	0
33	42	3	1	0
33	44	3	10	0
45	33	2	1	0
33	46	3	2	0
33	47	3	9	0
33	48	3	3	0
33	49	3	6	0
33	51	3	6	0
33	52	3	3	0
33	53	3	2	0
33	54	3	1	0
56	33	2	1	0
33	57	3	3	0
33	58	3	6	0
33	59	3	6	0
60	33	2	3	0
33	67	3	2	0
33	68	3	1	0
69	33	2	1	0
33	70	3	1	0
33	75	3	1	0
33	77	3	1	0
33	79	2	11	0
33	81	3	1	0
33	86	3	3	0
33	88	3	6	0
33	89	3	6	0
33	90	3	5	0
33	92	3	8	0
33	93	3	3	0
33	94	3	3	0
95	33	2	2	0
33	96	3	2	0
33	97	3	5	0
33	98	3	3	0
103	33	2	2	0
33	104	3	6	0
33	105	3	1	0
33	107	3	1	0
109	33	2	1	0
110	33	2	2	0
33	111	3	1	0
33	112	3	3	0
33	113	3	2	0
115	33	2	3	0
116	33	2	2	0
119	33	2	2	0
33	120	3	4	0
33	122	3	1	0
33	123	3	6	0
33	124	3	5	0
33	125	3	2	0
33	126	3	4	0
33	127	3	4	0
33	129	3	2	0
33	131	3	4	0
33	132	3	4	0
134	33	2	2	0
33	135	3	2	0
137	33	2	2	0
33	138	3	2	0
33	140	3	2	0
36	34	2	2	0
34	37	2	3	0
34	44	2	3	0
34	47	2	3	0
34	48	2	3	0
34	52	2	3	0
34	53	3	2	0
34	54	3	1	0
56	34	2	1	0
34	57	2	3	0
34	79	2	3	0
34	86	2	3	0
34	88	3	1	0
34	89	3	2	0
34	90	2	3	0
34	92	2	3	0
34	93	2	3	0
34	96	3	2	0
34	113	3	2	0
34	115	1	3	0
116	34	2	2	0
34	122	3	1	0
34	123	3	2	0
34	124	3	1	0
34	126	3	2	0
34	127	3	2	0
35	37	3	11	0
35	38	3	2	0
39	35	2	1	0
40	35	2	1	0
43	35	2	17	0
35	44	3	3	0
45	35	2	1	0
46	35	2	15	0
35	47	3	4	0
35	48	3	3	0
35	49	3	1	0
50	35	2	1	0
35	52	3	7	0
35	53	3	6	0
35	54	3	1	0
55	35	2	1	0
35	57	3	4	0
35	58	3	1	0
35	61	3	22	0
62	35	2	20	0
35	63	3	6	0
64	35	2	5	0
35	65	3	5	0
66	35	2	14	0
35	67	3	17	0
35	68	3	14	0
69	35	2	1	0
35	70	3	8	0
71	35	2	6	0
72	35	2	6	0
73	35	2	1	0
74	35	2	5	0
35	75	3	11	0
76	35	2	4	0
35	77	3	5	0
78	35	2	1	0
35	79	3	4	0
80	35	2	2	0
35	81	3	12	0
82	35	2	1	0
83	35	2	2	0
84	35	2	2	0
35	85	3	11	0
35	86	3	1	0
35	87	3	4	0
35	88	3	3	0
35	89	3	5	0
35	90	3	19	0
91	35	2	5	0
35	92	3	3	0
35	93	3	3	0
35	96	3	3	0
99	35	2	8	0
100	35	2	4	0
101	35	2	3	0
102	35	2	7	0
103	35	2	2	0
35	104	3	16	0
105	35	2	2	0
106	35	2	1	0
107	35	2	11	0
108	35	2	3	0
109	35	2	1	0
35	111	3	5	0
35	112	3	4	0
35	113	3	3	0
114	35	2	2	0
117	35	2	2	0
118	35	2	2	0
121	35	2	8	0
35	122	3	1	0
35	123	3	9	0
35	124	3	11	0
125	35	2	6	0
35	126	3	3	0
35	127	3	2	0
128	35	2	1	0
129	35	2	4	0
130	35	2	6	0
35	131	3	2	0
35	132	3	3	0
133	35	2	1	0
134	35	2	2	0
136	35	2	1	0
137	35	2	2	0
139	35	2	1	0
35	140	3	1	0
36	37	2	2	0
36	44	2	2	0
36	47	2	2	0
36	48	2	2	0
36	52	2	2	0
36	53	2	2	0
36	57	2	2	0
36	79	2	2	0
36	86	2	2	0
36	89	3	1	0
36	90	2	2	0
36	92	2	2	0
36	93	2	2	0
36	96	2	2	0
36	113	2	2	0
36	115	2	2	0
36	116	3	1	0
36	123	3	1	0
36	124	3	1	0
36	126	3	1	0
36	127	3	1	0
37	43	3	7	0
37	44	3	6	0
45	37	2	1	0
37	46	3	5	0
37	47	3	7	0
48	37	2	6	0
37	49	3	1	0
50	37	2	1	0
52	37	2	10	0
53	37	2	8	0
54	37	2	2	0
55	37	2	1	0
56	37	2	1	0
57	37	2	7	0
37	58	3	1	0
37	61	3	8	0
37	62	3	7	0
37	63	3	3	0
37	64	3	1	0
37	65	3	2	0
37	66	3	5	0
37	67	3	5	0
37	68	3	4	0
69	37	2	1	0
37	70	3	3	0
37	71	3	1	0
37	72	3	2	0
73	37	2	1	0
37	74	3	1	0
37	75	3	3	0
37	76	3	1	0
37	77	3	2	0
37	79	3	7	0
37	81	3	3	0
37	83	3	1	0
37	84	3	1	0
37	85	3	5	0
86	37	2	4	0
37	87	3	2	0
37	88	3	4	0
37	89	3	7	0
37	90	3	13	0
37	91	3	1	0
37	92	3	6	0
93	37	2	6	0
96	37	2	5	0
37	99	3	5	0
37	100	3	2	0
101	37	2	3	0
37	102	3	2	0
103	37	2	2	0
37	104	3	5	0
37	105	3	1	0
106	37	2	1	0
37	107	3	2	0
37	108	3	1	0
109	37	2	1	0
37	111	3	1	0
37	112	3	3	0
113	37	2	5	0
114	37	2	2	0
115	37	2	3	0
116	37	2	2	0
37	118	3	1	0
122	37	2	2	0
37	123	3	9	0
37	124	3	2	0
37	125	3	4	0
37	126	3	5	0
37	127	3	4	0
128	37	2	1	0
129	37	2	4	0
37	130	3	1	0
37	131	3	2	0
37	132	3	2	0
134	37	2	2	0
137	37	2	2	0
39	38	2	1	0
40	38	2	1	0
41	38	2	5	0
42	38	2	2	0
38	43	3	2	0
38	44	3	7	0
38	46	3	2	0
38	47	3	7	0
38	49	3	7	0
51	38	2	7	0
38	58	3	7	0
59	38	2	7	0
60	38	2	3	0
38	61	3	2	0
38	62	3	1	0
38	64	3	1	0
38	65	3	1	0
38	79	3	7	0
38	80	3	1	0
38	85	3	1	0
38	87	3	1	0
38	88	3	3	0
38	89	3	5	0
38	90	3	2	0
38	92	3	6	0
94	38	2	4	0
95	38	2	2	0
97	38	2	6	0
98	38	2	4	0
38	102	3	2	0
38	104	3	6	0
38	107	3	1	0
110	38	2	2	0
38	111	3	2	0
38	112	3	1	0
119	38	2	2	0
120	38	2	5	0
38	121	3	2	0
38	123	3	2	0
38	124	3	7	0
38	126	3	2	0
38	127	3	2	0
38	130	3	1	0
38	131	3	3	0
38	132	3	4	0
133	38	2	1	0
135	38	2	3	0
136	38	2	1	0
138	38	2	3	0
139	38	2	1	0
140	38	2	3	0
39	43	2	1	0
39	46	2	1	0
39	61	2	1	0
39	90	2	1	0
39	102	2	1	0
39	121	2	1	0
39	124	2	1	0
40	43	2	1	0
40	46	2	1	0
40	61	2	1	0
40	62	2	1	0
40	64	2	1	0
40	65	2	1	0
40	80	2	1	0
40	85	2	1	0
40	87	2	1	0
40	90	2	1	0
40	102	2	1	0
40	104	2	1	0
40	107	2	1	0
40	111	2	1	0
40	121	2	1	0
40	124	2	1	0
40	130	2	1	0
40	132	2	1	0
40	133	1	1	0
40	136	1	1	0
40	139	1	1	0
40	140	2	1	0
41	44	2	5	0
41	47	2	5	0
41	49	2	5	0
41	51	2	5	0
41	58	2	5	0
41	59	2	5	0
60	41	2	3	0
41	79	2	5	0
41	88	3	3	0
41	89	3	3	0
41	92	3	4	0
41	94	3	2	0
95	41	2	2	0
41	97	3	4	0
41	98	3	2	0
41	104	3	3	0
41	110	3	1	0
41	111	3	1	0
41	112	3	1	0
119	41	2	2	0
41	120	3	3	0
41	123	3	2	0
41	124	3	3	0
41	126	3	2	0
41	127	3	2	0
41	131	3	2	0
41	132	3	2	0
41	135	3	2	0
41	138	3	2	0
41	140	3	2	0
42	44	2	2	0
42	47	2	2	0
42	49	2	2	0
42	51	2	2	0
42	58	2	2	0
42	59	2	2	0
42	79	2	2	0
42	89	2	2	0
42	92	2	2	0
42	94	2	2	0
42	97	2	2	0
42	98	2	2	0
42	104	2	2	0
42	110	3	1	0
42	120	2	2	0
42	124	2	2	0
42	131	3	1	0
42	132	3	1	0
42	135	3	1	0
42	138	3	1	0
43	46	3	13	0
43	47	3	2	0
43	48	3	2	0
43	52	3	5	0
43	53	3	4	0
43	54	3	1	0
55	43	2	1	0
43	57	3	3	0
43	61	3	16	0
43	62	3	15	0
43	63	3	6	0
43	64	3	4	0
43	65	3	5	0
43	66	3	10	0
43	67	3	10	0
43	68	3	8	0
43	70	3	5	0
43	71	3	3	0
43	72	3	4	0
73	43	2	1	0
43	74	3	3	0
43	75	3	6	0
43	76	3	3	0
43	77	3	3	0
78	43	2	1	0
43	79	3	1	0
80	43	2	2	0
43	81	3	8	0
82	43	2	1	0
43	83	3	1	0
43	84	3	1	0
43	85	3	9	0
43	87	3	3	0
43	89	3	3	0
43	90	3	13	0
43	91	3	3	0
43	92	3	1	0
43	93	3	1	0
43	96	3	1	0
43	99	3	7	0
43	100	3	3	0
101	43	2	3	0
43	102	3	5	0
43	104	3	10	0
106	43	2	1	0
43	107	3	8	0
43	108	3	1	0
43	111	3	5	0
43	112	3	1	0
43	113	3	1	0
43	114	3	1	0
117	43	2	2	0
43	118	3	1	0
43	121	3	7	0
43	123	3	4	0
43	124	3	10	0
43	125	3	2	0
43	126	3	2	0
43	127	3	1	0
128	43	2	1	0
43	129	3	2	0
130	43	2	6	0
43	132	3	1	0
133	43	2	1	0
136	43	2	1	0
139	43	2	1	0
43	140	3	1	0
44	46	3	1	0
44	47	3	12	0
44	48	3	4	0
49	44	2	8	0
50	44	2	1	0
51	44	2	7	0
44	52	3	5	0
44	53	3	4	0
44	54	3	1	0
56	44	2	1	0
44	57	3	4	0
58	44	2	8	0
59	44	2	7	0
60	44	2	3	0
44	61	3	1	0
44	67	3	1	0
44	68	3	1	0
44	70	3	1	0
44	75	3	1	0
44	77	3	1	0
44	79	3	12	0
86	44	2	4	0
44	88	3	6	0
44	89	3	9	0
44	90	3	6	0
44	92	3	11	0
44	93	3	5	0
94	44	2	4	0
95	44	2	2	0
44	96	3	4	0
97	44	2	6	0
98	44	2	4	0
44	103	3	1	0
44	104	3	6	0
109	44	2	1	0
110	44	2	2	0
44	111	3	1	0
44	112	3	2	0
44	113	3	4	0
44	114	3	1	0
115	44	2	3	0
116	44	2	2	0
119	44	2	2	0
120	44	2	5	0
122	44	2	2	0
44	123	3	6	0
44	124	3	6	0
44	125	3	1	0
44	126	3	5	0
44	127	3	5	0
44	129	3	1	0
44	131	3	4	0
44	132	3	4	0
44	134	3	1	0
135	44	2	3	0
44	137	3	1	0
138	44	2	3	0
44	140	3	2	0
45	46	2	1	0
45	67	2	1	0
45	69	1	1	0
45	79	2	1	0
45	81	2	1	0
45	88	2	1	0
45	90	2	1	0
45	103	2	1	0
45	104	2	1	0
45	105	2	1	0
45	107	2	1	0
45	112	2	1	0
45	123	2	1	0
45	125	2	1	0
45	129	2	1	0
45	131	2	1	0
45	132	2	1	0
45	134	2	1	0
45	137	2	1	0
46	52	3	2	0
46	53	3	1	0
46	54	3	1	0
55	46	2	1	0
46	57	3	1	0
46	61	3	12	0
46	62	3	11	0
46	63	3	6	0
46	64	3	3	0
46	65	3	4	0
46	66	3	7	0
46	67	3	11	0
46	68	3	8	0
69	46	2	1	0
46	70	3	5	0
46	71	3	3	0
46	72	3	4	0
73	46	2	1	0
46	74	3	3	0
46	75	3	7	0
46	76	3	2	0
46	77	3	4	0
78	46	2	1	0
46	79	3	3	0
80	46	2	2	0
46	81	3	9	0
82	46	2	1	0
46	83	3	1	0
46	85	3	7	0
46	87	3	2	0
46	88	3	2	0
46	90	3	11	0
46	91	3	3	0
46	99	3	5	0
46	100	3	3	0
46	101	3	1	0
46	102	3	5	0
103	46	2	2	0
46	104	3	12	0
46	105	3	1	0
106	46	2	1	0
46	107	3	9	0
46	108	3	1	0
109	46	2	1	0
46	111	3	5	0
46	112	3	3	0
117	46	2	2	0
46	118	3	1	0
46	121	3	7	0
46	123	3	4	0
46	124	3	10	0
46	125	3	4	0
129	46	2	4	0
130	46	2	6	0
46	131	3	2	0
46	132	3	3	0
133	46	2	1	0
134	46	2	2	0
136	46	2	1	0
137	46	2	2	0
139	46	2	1	0
46	140	3	1	0
48	47	2	6	0
49	47	2	8	0
50	47	2	1	0
51	47	2	7	0
47	52	3	6	0
47	53	3	5	0
47	54	3	1	0
56	47	2	1	0
47	57	3	5	0
58	47	2	8	0
59	47	2	7	0
60	47	2	3	0
47	61	3	3	0
47	62	3	2	0
47	64	3	1	0
47	65	3	1	0
47	66	3	1	0
47	67	3	1	0
47	68	3	1	0
47	70	3	1	0
47	76	3	1	0
47	79	3	11	0
47	84	3	1	0
47	85	3	2	0
86	47	2	4	0
47	87	3	1	0
47	88	3	5	0
47	89	3	10	0
47	90	3	7	0
92	47	2	12	0
93	47	2	6	0
94	47	2	4	0
95	47	2	2	0
96	47	2	5	0
97	47	2	6	0
98	47	2	4	0
47	104	3	5	0
110	47	2	2	0
47	111	3	1	0
47	112	3	1	0
113	47	2	5	0
114	47	2	2	0
115	47	2	3	0
116	47	2	2	0
119	47	2	2	0
120	47	2	5	0
122	47	2	2	0
47	123	3	6	0
47	124	3	6	0
47	126	3	6	0
47	127	3	5	0
128	47	2	1	0
47	131	3	3	0
47	132	3	3	0
135	47	2	3	0
138	47	2	3	0
47	140	3	2	0
48	52	3	5	0
48	53	3	4	0
48	54	3	1	0
56	48	2	1	0
48	57	3	4	0
48	61	3	3	0
48	62	3	2	0
48	64	3	1	0
48	65	3	1	0
48	66	3	1	0
48	67	3	1	0
48	68	3	1	0
48	70	3	1	0
48	76	3	1	0
48	79	3	3	0
48	84	3	1	0
48	85	3	2	0
48	86	3	3	0
48	87	3	1	0
48	88	3	2	0
48	89	3	4	0
48	90	2	6	0
48	92	3	5	0
48	93	3	5	0
48	96	3	4	0
48	113	3	4	0
114	48	2	2	0
115	48	2	3	0
116	48	2	2	0
48	122	3	1	0
48	123	3	3	0
48	124	3	1	0
48	126	3	3	0
48	127	3	2	0
128	48	2	1	0
50	49	2	1	0
51	49	2	7	0
49	52	3	1	0
49	53	3	1	0
49	57	3	1	0
49	58	1	8	0
59	49	2	7	0
60	49	2	3	0
49	79	2	8	0
49	86	3	1	0
49	88	3	3	0
49	89	3	6	0
49	90	3	1	0
49	92	3	7	0
49	93	3	1	0
94	49	2	4	0
95	49	2	2	0
49	96	3	1	0
97	49	2	6	0
98	49	2	4	0
49	104	3	5	0
110	49	2	2	0
49	111	3	1	0
49	112	3	1	0
49	113	3	1	0
119	49	2	2	0
120	49	2	5	0
49	122	3	1	0
49	123	3	3	0
49	124	3	5	0
49	126	3	3	0
49	127	3	3	0
49	131	3	3	0
49	132	3	3	0
135	49	2	3	0
138	49	2	3	0
49	140	3	2	0
50	52	2	1	0
50	53	2	1	0
50	57	2	1	0
50	58	2	1	0
50	79	2	1	0
50	86	2	1	0
50	89	2	1	0
50	90	2	1	0
50	92	2	1	0
50	93	2	1	0
50	96	2	1	0
50	113	2	1	0
50	122	2	1	0
50	123	2	1	0
50	126	2	1	0
50	127	2	1	0
51	58	2	7	0
51	59	1	7	0
60	51	2	3	0
51	79	2	7	0
51	88	3	3	0
51	89	3	5	0
51	92	3	6	0
94	51	2	4	0
95	51	2	2	0
97	51	2	6	0
98	51	2	4	0
51	104	3	5	0
110	51	2	2	0
51	111	3	1	0
51	112	3	1	0
119	51	2	2	0
120	51	2	5	0
51	123	3	2	0
51	124	3	5	0
51	126	3	2	0
51	127	3	2	0
51	131	3	3	0
51	132	3	3	0
135	51	2	3	0
138	51	2	3	0
51	140	3	2	0
53	52	2	8	0
54	52	2	2	0
55	52	2	1	0
56	52	2	1	0
57	52	2	7	0
52	58	3	1	0
52	61	3	6	0
52	62	3	5	0
52	63	3	2	0
52	64	3	1	0
52	65	3	1	0
52	66	3	4	0
52	67	3	2	0
52	68	3	2	0
52	70	3	2	0
52	72	3	1	0
73	52	2	1	0
52	75	3	1	0
52	76	3	1	0
52	77	3	1	0
52	79	3	5	0
52	81	3	2	0
52	84	3	1	0
52	85	3	3	0
86	52	2	4	0
52	87	3	2	0
52	88	3	2	0
52	89	3	7	0
52	90	2	10	0
52	92	3	6	0
93	52	2	6	0
96	52	2	5	0
52	99	3	4	0
52	100	3	1	0
101	52	2	3	0
52	102	3	1	0
52	104	3	2	0
106	52	2	1	0
52	107	3	1	0
52	111	3	1	0
52	112	3	1	0
113	52	2	5	0
114	52	2	2	0
115	52	2	3	0
116	52	2	2	0
122	52	2	2	0
52	123	3	7	0
52	124	3	1	0
52	125	3	2	0
52	126	3	5	0
52	127	3	4	0
128	52	2	1	0
52	129	3	2	0
53	57	3	6	0
53	58	3	1	0
53	61	3	5	0
53	62	3	4	0
53	63	3	1	0
53	64	3	1	0
53	65	3	1	0
53	66	3	3	0
53	67	3	1	0
53	68	3	1	0
53	70	3	1	0
53	76	3	1	0
53	79	3	4	0
53	81	3	1	0
53	84	3	1	0
53	85	3	2	0
53	86	3	3	0
53	87	3	2	0
53	88	3	1	0
53	89	3	6	0
53	90	2	8	0
53	92	3	5	0
53	93	3	5	0
96	53	2	5	0
53	99	3	3	0
53	100	3	1	0
53	101	3	2	0
53	102	3	1	0
53	104	3	1	0
106	53	2	1	0
53	111	3	1	0
113	53	2	5	0
114	53	2	2	0
53	115	3	2	0
53	116	3	1	0
53	122	3	1	0
53	123	3	5	0
53	124	3	1	0
53	125	3	1	0
53	126	3	4	0
53	127	3	3	0
128	53	2	1	0
53	129	3	1	0
55	54	2	1	0
56	54	2	1	0
54	57	3	1	0
54	61	3	1	0
54	62	3	1	0
54	63	3	1	0
54	66	3	1	0
54	67	3	1	0
54	68	3	1	0
54	70	3	1	0
54	72	3	1	0
73	54	2	1	0
54	75	3	1	0
54	77	3	1	0
54	79	3	1	0
54	81	3	1	0
54	85	3	1	0
54	86	3	1	0
54	88	3	1	0
54	89	3	1	0
54	90	2	2	0
54	92	3	1	0
54	93	3	1	0
54	99	3	1	0
54	101	3	1	0
54	104	3	1	0
54	107	3	1	0
54	112	3	1	0
54	115	3	1	0
54	116	3	1	0
54	122	3	1	0
54	123	2	2	0
54	125	3	1	0
54	126	3	1	0
54	127	3	1	0
54	129	3	1	0
55	61	2	1	0
55	62	2	1	0
55	63	2	1	0
55	66	2	1	0
55	67	2	1	0
55	68	2	1	0
55	70	2	1	0
55	72	2	1	0
55	73	1	1	0
55	75	2	1	0
55	77	2	1	0
55	81	2	1	0
55	85	2	1	0
55	90	2	1	0
55	99	2	1	0
55	101	2	1	0
55	104	2	1	0
55	107	2	1	0
55	112	2	1	0
55	123	2	1	0
55	125	2	1	0
55	129	2	1	0
56	57	2	1	0
56	79	2	1	0
56	86	2	1	0
56	88	2	1	0
56	89	2	1	0
56	90	2	1	0
56	92	2	1	0
56	93	2	1	0
56	115	2	1	0
56	116	2	1	0
56	122	2	1	0
56	123	2	1	0
56	126	2	1	0
56	127	2	1	0
57	58	3	1	0
57	61	3	3	0
57	62	3	3	0
57	63	3	1	0
57	64	3	1	0
57	65	3	1	0
57	66	3	2	0
57	67	3	1	0
57	68	3	1	0
57	70	3	1	0
57	76	3	1	0
57	79	3	5	0
57	81	3	1	0
57	84	3	1	0
57	85	3	2	0
86	57	2	4	0
57	87	3	2	0
57	88	3	1	0
57	89	3	5	0
57	90	2	7	0
57	92	3	5	0
57	93	3	5	0
57	96	3	4	0
57	99	3	2	0
57	100	3	1	0
57	101	3	1	0
57	102	3	1	0
57	104	3	1	0
106	57	2	1	0
57	111	3	1	0
57	113	3	4	0
57	114	3	1	0
115	57	2	3	0
116	57	2	2	0
122	57	2	2	0
57	123	3	5	0
57	124	3	1	0
57	125	3	1	0
57	126	3	4	0
57	127	3	3	0
128	57	2	1	0
57	129	3	1	0
59	58	2	7	0
60	58	2	3	0
58	79	2	8	0
58	86	3	1	0
58	88	3	3	0
58	89	3	6	0
58	90	3	1	0
58	92	3	7	0
58	93	3	1	0
94	58	2	4	0
95	58	2	2	0
58	96	3	1	0
97	58	2	6	0
98	58	2	4	0
58	104	3	5	0
110	58	2	2	0
58	111	3	1	0
58	112	3	1	0
58	113	3	1	0
119	58	2	2	0
120	58	2	5	0
58	122	3	1	0
58	123	3	3	0
58	124	3	5	0
58	126	3	3	0
58	127	3	3	0
58	131	3	3	0
58	132	3	3	0
135	58	2	3	0
138	58	2	3	0
58	140	3	2	0
60	59	2	3	0
59	79	2	7	0
59	88	3	3	0
59	89	3	5	0
59	92	3	6	0
94	59	2	4	0
95	59	2	2	0
97	59	2	6	0
98	59	2	4	0
59	104	3	5	0
110	59	2	2	0
59	111	3	1	0
59	112	3	1	0
119	59	2	2	0
120	59	2	5	0
59	123	3	2	0
59	124	3	5	0
59	126	3	2	0
59	127	3	2	0
59	131	3	3	0
59	132	3	3	0
135	59	2	3	0
138	59	2	3	0
59	140	3	2	0
60	79	2	3	0
60	88	2	3	0
60	89	2	3	0
60	92	3	2	0
95	60	2	2	0
60	97	3	2	0
60	98	3	2	0
60	104	2	3	0
60	110	3	1	0
60	111	3	1	0
60	112	3	1	0
60	120	2	3	0
60	124	2	3	0
60	131	3	1	0
60	132	3	1	0
60	135	3	1	0
60	138	3	1	0
60	140	3	1	0
62	61	2	20	0
63	61	2	8	0
64	61	2	5	0
65	61	2	7	0
66	61	2	14	0
61	67	3	15	0
61	68	3	13	0
61	70	3	8	0
61	71	3	5	0
61	72	3	5	0
73	61	2	1	0
61	74	3	4	0
61	75	3	10	0
76	61	2	4	0
61	77	3	5	0
61	79	3	3	0
61	80	3	1	0
61	81	3	11	0
82	61	2	1	0
83	61	2	2	0
84	61	2	2	0
85	61	2	13	0
61	87	3	5	0
61	88	3	1	0
61	89	3	4	0
61	90	3	17	0
61	91	3	3	0
61	92	3	2	0
61	93	3	2	0
61	96	3	2	0
99	61	2	8	0
100	61	2	4	0
101	61	2	3	0
102	61	2	7	0
61	104	3	12	0
106	61	2	1	0
61	107	3	8	0
108	61	2	3	0
61	111	3	4	0
61	112	3	1	0
61	113	3	2	0
114	61	2	2	0
61	117	3	1	0
118	61	2	2	0
121	61	2	8	0
61	123	3	5	0
61	124	3	10	0
61	125	3	3	0
61	126	3	2	0
61	127	3	1	0
128	61	2	1	0
61	129	3	2	0
61	130	3	5	0
61	132	3	1	0
133	61	2	1	0
136	61	2	1	0
139	61	2	1	0
61	140	3	1	0
62	63	3	6	0
64	62	2	5	0
62	65	3	5	0
66	62	2	14	0
62	67	3	14	0
62	68	3	12	0
62	70	3	7	0
62	71	3	5	0
62	72	3	5	0
73	62	2	1	0
62	74	3	4	0
62	75	3	9	0
76	62	2	4	0
62	77	3	4	0
62	79	3	1	0
62	80	3	1	0
62	81	3	10	0
82	62	2	1	0
83	62	2	2	0
84	62	2	2	0
62	85	3	11	0
62	87	3	3	0
62	89	3	3	0
62	90	3	13	0
62	91	3	3	0
62	92	3	1	0
62	93	3	1	0
62	96	3	1	0
99	62	2	8	0
100	62	2	4	0
101	62	2	3	0
62	102	3	6	0
62	104	3	12	0
106	62	2	1	0
62	107	3	8	0
108	62	2	3	0
62	111	3	4	0
62	112	3	1	0
62	113	3	1	0
62	114	3	1	0
62	117	3	1	0
118	62	2	2	0
62	121	3	7	0
62	123	3	5	0
62	124	3	9	0
62	125	3	3	0
62	126	3	2	0
62	127	3	1	0
128	62	2	1	0
62	129	3	2	0
62	130	3	5	0
62	132	3	1	0
133	62	2	1	0
136	62	2	1	0
139	62	2	1	0
62	140	3	1	0
63	65	3	3	0
63	66	3	5	0
63	67	3	6	0
63	68	3	6	0
63	70	3	4	0
63	71	3	2	0
63	72	3	3	0
73	63	2	1	0
63	74	3	2	0
63	75	3	6	0
63	77	3	4	0
63	79	3	3	0
63	81	3	6	0
63	83	3	1	0
63	85	3	5	0
63	87	3	3	0
63	90	3	6	0
63	91	3	2	0
63	99	3	3	0
63	100	3	2	0
63	101	3	1	0
63	102	3	2	0
63	104	3	6	0
106	63	2	1	0
63	107	3	4	0
63	108	3	1	0
63	111	3	1	0
63	112	3	1	0
63	117	3	1	0
63	118	3	1	0
63	121	3	2	0
63	123	3	2	0
63	124	3	4	0
63	125	3	2	0
63	129	3	2	0
63	130	3	4	0
64	65	3	2	0
64	66	3	2	0
64	67	3	4	0
64	68	3	2	0
64	70	3	2	0
64	75	3	1	0
64	76	3	2	0
64	80	3	1	0
64	81	3	2	0
82	64	2	1	0
64	84	3	1	0
64	85	3	4	0
64	87	3	2	0
64	89	3	1	0
64	90	3	4	0
64	92	3	1	0
64	93	3	1	0
64	96	3	1	0
64	99	3	1	0
64	100	3	1	0
64	102	3	1	0
64	104	3	3	0
64	107	3	3	0
64	111	3	2	0
64	113	3	1	0
64	114	3	1	0
64	121	3	4	0
64	123	3	2	0
64	124	3	3	0
64	125	3	1	0
64	126	3	1	0
128	64	2	1	0
64	130	3	1	0
64	132	3	1	0
133	64	2	1	0
136	64	2	1	0
139	64	2	1	0
64	140	3	1	0
65	67	3	2	0
65	68	3	1	0
65	70	3	1	0
65	75	3	1	0
65	77	3	1	0
65	79	3	3	0
65	80	3	1	0
65	81	3	3	0
65	85	3	6	0
65	87	3	4	0
65	90	3	6	0
65	99	3	1	0
65	100	3	1	0
65	102	3	3	0
65	104	3	4	0
106	65	2	1	0
65	107	3	3	0
65	111	3	4	0
65	121	3	2	0
65	123	3	1	0
65	124	3	2	0
65	125	3	1	0
65	129	3	1	0
65	130	3	1	0
65	132	3	1	0
133	65	2	1	0
136	65	2	1	0
139	65	2	1	0
65	140	3	1	0
66	67	3	12	0
66	68	3	11	0
66	70	3	6	0
66	71	3	5	0
66	72	3	5	0
73	66	2	1	0
66	74	3	4	0
66	75	3	8	0
76	66	2	4	0
66	77	3	4	0
66	81	3	7	0
82	66	2	1	0
83	66	2	2	0
84	66	2	2	0
66	85	3	6	0
66	87	3	1	0
66	89	3	3	0
66	90	3	9	0
66	91	3	3	0
66	92	3	1	0
66	93	3	1	0
66	96	3	1	0
66	99	3	7	0
66	100	3	3	0
101	66	2	3	0
66	102	3	3	0
66	104	3	7	0
66	107	3	4	0
108	66	2	3	0
66	112	3	1	0
66	113	3	1	0
66	114	3	1	0
66	117	3	1	0
118	66	2	2	0
66	121	3	4	0
66	123	3	3	0
66	124	3	7	0
66	125	3	1	0
66	126	3	2	0
66	127	3	1	0
128	66	2	1	0
66	129	3	1	0
66	130	3	4	0
68	67	2	15	0
69	67	2	1	0
70	67	2	9	0
71	67	2	6	0
72	67	2	6	0
73	67	2	1	0
74	67	2	5	0
75	67	2	12	0
76	67	2	4	0
77	67	2	6	0
78	67	2	1	0
67	79	3	3	0
67	80	3	1	0
67	81	3	12	0
82	67	2	1	0
83	67	2	2	0
84	67	2	2	0
67	85	3	8	0
67	87	3	2	0
67	88	3	2	0
67	89	3	1	0
67	90	3	11	0
67	91	3	4	0
67	92	3	1	0
67	93	3	1	0
67	96	3	1	0
67	99	3	5	0
67	100	3	3	0
67	101	3	1	0
67	102	3	3	0
103	67	2	2	0
67	104	3	12	0
67	105	3	1	0
67	107	3	8	0
108	67	2	3	0
109	67	2	1	0
67	111	3	2	0
67	112	3	3	0
67	113	3	1	0
67	114	3	1	0
117	67	2	2	0
118	67	2	2	0
67	121	3	6	0
67	123	3	5	0
67	124	3	9	0
67	125	3	4	0
67	126	3	1	0
128	67	2	1	0
67	129	3	3	0
67	130	3	5	0
67	131	3	2	0
67	132	3	2	0
134	67	2	2	0
137	67	2	2	0
70	68	2	9	0
71	68	2	6	0
72	68	2	6	0
73	68	2	1	0
74	68	2	5	0
75	68	2	12	0
68	76	3	3	0
77	68	2	6	0
78	68	2	1	0
68	79	3	2	0
68	80	3	1	0
68	81	3	10	0
83	68	2	2	0
84	68	2	2	0
68	85	3	7	0
68	87	3	2	0
68	88	3	1	0
68	89	3	1	0
68	90	3	8	0
68	91	3	4	0
68	92	3	1	0
68	93	3	1	0
68	96	3	1	0
68	99	3	4	0
68	100	3	2	0
68	101	3	1	0
68	102	3	3	0
68	103	3	1	0
68	104	3	10	0
68	107	3	6	0
108	68	2	3	0
109	68	2	1	0
68	111	3	1	0
68	112	3	2	0
68	113	3	1	0
68	114	3	1	0
117	68	2	2	0
118	68	2	2	0
68	121	3	4	0
68	123	3	4	0
68	124	3	7	0
68	125	3	3	0
68	126	3	1	0
128	68	2	1	0
68	129	3	2	0
68	130	3	5	0
68	131	3	1	0
68	132	3	1	0
68	134	3	1	0
68	137	3	1	0
69	79	2	1	0
69	81	2	1	0
69	88	2	1	0
69	90	2	1	0
69	103	2	1	0
69	104	2	1	0
69	105	2	1	0
69	107	2	1	0
69	112	2	1	0
69	123	2	1	0
69	125	2	1	0
69	129	2	1	0
69	131	2	1	0
69	132	2	1	0
69	134	2	1	0
69	137	2	1	0
70	72	3	1	0
73	70	2	1	0
70	75	3	6	0
70	76	3	3	0
70	77	3	5	0
70	79	3	2	0
70	81	3	6	0
84	70	2	2	0
70	85	3	6	0
70	87	3	2	0
70	88	3	1	0
70	89	3	1	0
70	90	3	8	0
70	92	3	1	0
70	93	3	1	0
70	96	3	1	0
70	99	3	2	0
70	101	3	1	0
70	102	3	1	0
70	103	3	1	0
70	104	3	5	0
70	107	3	4	0
109	70	2	1	0
70	112	3	2	0
70	113	3	1	0
70	114	3	1	0
70	121	3	4	0
70	123	3	4	0
70	124	3	3	0
70	125	3	3	0
70	126	3	1	0
128	70	2	1	0
70	129	3	2	0
70	130	3	2	0
70	131	3	1	0
70	132	3	1	0
70	134	3	1	0
70	137	3	1	0
71	72	3	5	0
74	71	2	5	0
71	75	2	6	0
71	77	3	1	0
78	71	2	1	0
71	80	3	1	0
71	81	3	4	0
83	71	2	2	0
71	85	3	1	0
71	91	3	4	0
71	99	3	2	0
71	100	3	2	0
71	102	3	2	0
71	104	3	5	0
71	107	3	2	0
108	71	2	3	0
71	111	3	1	0
117	71	2	2	0
118	71	2	2	0
71	124	3	4	0
71	130	3	3	0
73	72	2	1	0
74	72	2	5	0
72	75	2	6	0
72	77	3	2	0
78	72	2	1	0
72	80	3	1	0
72	81	3	4	0
83	72	2	2	0
72	85	3	2	0
72	90	3	1	0
72	91	3	4	0
72	99	3	3	0
72	100	3	2	0
72	101	3	1	0
72	102	3	1	0
72	104	2	6	0
72	107	3	3	0
108	72	2	3	0
72	111	3	1	0
72	112	3	1	0
117	72	2	2	0
118	72	2	2	0
72	123	3	1	0
72	124	3	4	0
72	125	3	1	0
72	129	3	1	0
72	130	3	3	0
73	75	2	1	0
73	77	2	1	0
73	81	2	1	0
73	85	2	1	0
73	90	2	1	0
73	99	2	1	0
73	101	2	1	0
73	104	2	1	0
73	107	2	1	0
73	112	2	1	0
73	123	2	1	0
73	125	2	1	0
73	129	2	1	0
74	75	2	5	0
74	77	3	1	0
78	74	2	1	0
74	80	3	1	0
74	81	3	3	0
83	74	2	2	0
74	85	3	1	0
74	91	3	4	0
74	99	3	2	0
74	100	3	2	0
74	102	3	1	0
74	104	2	5	0
74	107	3	2	0
108	74	2	3	0
74	111	3	1	0
117	74	2	2	0
118	74	2	2	0
74	124	3	4	0
74	130	3	3	0
77	75	2	6	0
78	75	2	1	0
75	79	3	2	0
75	80	3	1	0
75	81	3	9	0
83	75	2	2	0
75	85	3	4	0
75	87	3	1	0
75	88	3	1	0
75	90	3	5	0
75	91	3	4	0
75	99	3	3	0
75	100	3	2	0
75	101	3	1	0
75	102	3	2	0
75	103	3	1	0
75	104	3	10	0
75	107	3	6	0
108	75	2	3	0
109	75	2	1	0
75	111	3	1	0
75	112	3	2	0
117	75	2	2	0
118	75	2	2	0
75	121	3	3	0
75	123	3	3	0
75	124	3	6	0
75	125	3	3	0
75	129	3	2	0
75	130	3	5	0
75	131	3	1	0
75	132	3	1	0
75	134	3	1	0
75	137	3	1	0
76	81	3	1	0
82	76	2	1	0
84	76	2	2	0
76	85	2	4	0
76	87	3	1	0
76	89	3	1	0
76	90	2	4	0
76	92	3	1	0
76	93	3	1	0
76	96	3	1	0
76	99	3	2	0
76	100	3	1	0
76	102	3	1	0
76	113	3	1	0
76	114	3	1	0
76	121	3	2	0
76	123	3	1	0
76	124	3	2	0
76	126	3	1	0
128	76	2	1	0
77	79	3	2	0
77	81	3	5	0
77	85	3	2	0
77	87	3	1	0
77	88	3	1	0
77	90	3	5	0
77	99	3	1	0
77	101	3	1	0
77	103	3	1	0
77	104	3	5	0
77	107	3	3	0
77	108	3	1	0
109	77	2	1	0
77	112	3	2	0
77	121	3	2	0
77	123	3	2	0
77	124	3	3	0
77	125	3	2	0
77	129	3	2	0
77	130	3	2	0
77	131	3	1	0
77	132	3	1	0
77	134	3	1	0
77	137	3	1	0
78	80	2	1	0
78	81	2	1	0
78	91	2	1	0
78	104	2	1	0
78	107	2	1	0
78	111	2	1	0
78	117	2	1	0
78	124	2	1	0
78	130	2	1	0
79	81	3	3	0
79	85	3	3	0
86	79	2	4	0
79	87	3	3	0
79	88	3	6	0
79	89	3	8	0
79	90	3	9	0
79	92	3	10	0
79	93	3	4	0
94	79	2	4	0
95	79	2	2	0
79	96	3	3	0
97	79	2	6	0
98	79	2	4	0
79	99	3	1	0
79	100	3	1	0
79	102	3	1	0
103	79	2	2	0
79	104	3	8	0
79	105	3	1	0
106	79	2	1	0
79	107	3	1	0
109	79	2	1	0
110	79	2	2	0
79	111	3	2	0
79	112	3	3	0
79	113	3	3	0
115	79	2	3	0
116	79	2	2	0
119	79	2	2	0
120	79	2	5	0
122	79	2	2	0
79	123	3	8	0
79	124	3	6	0
79	125	3	3	0
79	126	3	5	0
79	127	3	5	0
79	129	3	3	0
131	79	2	5	0
79	132	3	5	0
134	79	2	2	0
135	79	2	3	0
137	79	2	2	0
138	79	2	3	0
79	140	3	2	0
80	81	3	1	0
80	85	3	1	0
80	87	3	1	0
80	90	3	1	0
80	91	3	1	0
80	102	3	1	0
80	104	2	2	0
80	107	2	2	0
80	111	2	2	0
80	117	3	1	0
80	121	3	1	0
80	124	2	2	0
80	130	2	2	0
80	132	3	1	0
133	80	2	1	0
136	80	2	1	0
139	80	2	1	0
80	140	3	1	0
81	85	3	5	0
81	87	3	2	0
81	88	3	1	0
81	90	3	8	0
81	91	3	2	0
81	99	3	3	0
81	100	3	1	0
81	101	3	1	0
81	102	3	2	0
81	103	3	1	0
81	104	3	10	0
81	105	3	1	0
106	81	2	1	0
81	107	3	8	0
81	108	3	1	0
81	111	3	3	0
81	112	3	2	0
117	81	2	2	0
81	121	3	5	0
81	123	3	4	0
81	124	3	7	0
81	125	3	4	0
81	129	3	3	0
81	130	3	4	0
81	131	3	1	0
81	132	3	1	0
81	134	3	1	0
81	137	3	1	0
82	85	2	1	0
82	90	2	1	0
82	99	2	1	0
82	100	2	1	0
82	121	2	1	0
82	124	2	1	0
83	85	3	1	0
83	91	2	2	0
83	99	2	2	0
83	100	2	2	0
83	102	3	1	0
83	104	2	2	0
83	108	2	2	0
83	118	1	2	0
83	124	3	1	0
83	130	3	1	0
84	85	2	2	0
84	87	3	1	0
84	89	3	1	0
84	90	2	2	0
84	92	3	1	0
84	93	3	1	0
84	96	3	1	0
84	102	3	1	0
84	113	3	1	0
84	114	3	1	0
84	123	3	1	0
84	126	3	1	0
128	84	2	1	0
85	87	3	5	0
85	89	3	1	0
85	90	3	10	0
85	91	3	1	0
85	92	3	1	0
85	93	3	1	0
85	96	3	1	0
85	99	3	5	0
85	100	3	3	0
85	101	3	1	0
85	102	3	5	0
85	104	3	6	0
106	85	2	1	0
85	107	3	4	0
85	108	3	1	0
85	111	3	3	0
85	112	3	1	0
85	113	3	1	0
85	114	3	1	0
85	118	3	1	0
85	121	3	4	0
85	123	3	4	0
85	124	3	4	0
85	125	3	3	0
85	126	3	1	0
128	85	2	1	0
85	129	3	2	0
85	130	3	2	0
85	132	3	1	0
133	85	2	1	0
136	85	2	1	0
139	85	2	1	0
85	140	3	1	0
86	88	3	1	0
86	89	3	3	0
86	90	2	4	0
86	92	2	4	0
86	93	2	4	0
86	96	3	3	0
86	113	3	3	0
115	86	2	3	0
116	86	2	2	0
122	86	2	2	0
86	123	3	3	0
86	124	3	1	0
86	126	3	3	0
86	127	3	3	0
87	89	3	1	0
87	90	3	5	0
87	91	3	1	0
87	92	3	1	0
87	93	3	1	0
87	96	3	1	0
87	99	3	1	0
87	100	3	1	0
87	102	3	2	0
87	104	3	2	0
106	87	2	1	0
87	107	3	1	0
87	111	3	2	0
87	113	3	1	0
87	114	3	1	0
87	121	3	1	0
87	123	3	2	0
87	124	3	1	0
87	125	3	1	0
87	126	3	1	0
128	87	2	1	0
87	129	3	1	0
87	130	3	1	0
87	132	3	1	0
133	87	2	1	0
136	87	2	1	0
139	87	2	1	0
87	140	3	1	0
88	89	3	5	0
88	90	3	4	0
88	92	3	4	0
88	93	3	2	0
95	88	2	2	0
88	96	3	1	0
88	97	3	2	0
88	98	3	2	0
103	88	2	2	0
88	104	3	5	0
88	105	3	1	0
88	107	3	1	0
109	88	2	1	0
88	110	3	1	0
88	111	3	1	0
88	112	3	3	0
88	113	3	1	0
88	114	3	1	0
88	115	3	1	0
88	116	3	1	0
88	120	3	3	0
88	122	3	1	0
88	123	3	3	0
88	124	3	3	0
88	125	3	2	0
88	126	3	1	0
88	127	3	1	0
88	129	3	2	0
88	131	3	3	0
88	132	3	3	0
134	88	2	2	0
88	135	3	1	0
137	88	2	2	0
88	138	3	1	0
88	140	3	1	0
89	90	3	7	0
89	92	3	9	0
89	93	3	5	0
89	94	3	2	0
95	89	2	2	0
89	96	3	4	0
89	97	3	4	0
98	89	2	4	0
89	99	3	2	0
89	101	3	2	0
89	104	3	5	0
110	89	2	2	0
89	111	3	1	0
89	112	3	1	0
89	113	3	4	0
114	89	2	2	0
89	115	3	2	0
116	89	2	2	0
120	89	2	5	0
122	89	2	2	0
89	123	3	4	0
89	124	3	6	0
89	126	3	4	0
89	127	3	3	0
128	89	2	1	0
89	131	3	2	0
89	132	3	2	0
89	135	3	2	0
89	138	3	2	0
89	140	3	1	0
90	92	3	6	0
93	90	2	6	0
96	90	2	5	0
90	99	3	6	0
90	100	3	2	0
101	90	2	3	0
90	102	3	4	0
103	90	2	2	0
90	104	3	9	0
105	90	2	2	0
106	90	2	1	0
90	107	3	7	0
109	90	2	1	0
90	111	3	3	0
90	112	3	4	0
113	90	2	5	0
114	90	2	2	0
115	90	2	3	0
116	90	2	2	0
90	121	3	7	0
122	90	2	2	0
90	123	3	10	0
90	124	3	8	0
90	125	3	5	0
90	126	3	5	0
90	127	3	4	0
128	90	2	1	0
129	90	2	4	0
90	130	3	3	0
90	131	3	2	0
90	132	3	3	0
133	90	2	1	0
134	90	2	2	0
136	90	2	1	0
137	90	2	2	0
139	90	2	1	0
90	140	3	1	0
91	99	3	2	0
91	100	3	2	0
91	102	3	1	0
91	104	3	4	0
91	107	3	2	0
91	108	3	2	0
91	111	3	1	0
117	91	2	2	0
118	91	2	2	0
91	124	3	3	0
91	130	3	3	0
93	92	2	6	0
94	92	2	4	0
95	92	2	2	0
96	92	2	5	0
97	92	2	6	0
98	92	2	4	0
92	104	3	4	0
110	92	2	2	0
92	112	3	1	0
113	92	2	5	0
114	92	2	2	0
115	92	2	3	0
116	92	2	2	0
119	92	2	2	0
92	120	3	4	0
122	92	2	2	0
92	123	3	6	0
92	124	3	5	0
92	126	3	6	0
92	127	3	5	0
128	92	2	1	0
92	131	3	2	0
92	132	3	2	0
92	135	3	2	0
92	138	3	2	0
92	140	3	1	0
96	93	2	5	0
113	93	2	5	0
114	93	2	2	0
115	93	2	3	0
116	93	2	2	0
122	93	2	2	0
93	123	3	4	0
93	124	3	1	0
93	126	3	4	0
93	127	3	3	0
128	93	2	1	0
94	97	2	4	0
94	98	3	2	0
94	104	3	2	0
94	110	3	1	0
119	94	2	2	0
94	120	3	2	0
94	123	3	2	0
94	124	3	2	0
94	126	3	2	0
94	127	3	2	0
94	131	3	2	0
94	132	3	2	0
94	135	3	2	0
94	138	3	2	0
94	140	3	1	0
95	97	2	2	0
95	98	2	2	0
95	104	2	2	0
95	110	3	1	0
95	112	3	1	0
95	120	2	2	0
95	124	2	2	0
96	113	1	5	0
114	96	2	2	0
96	115	3	2	0
96	116	3	1	0
96	122	3	1	0
96	123	3	3	0
96	124	3	1	0
96	126	3	3	0
96	127	3	2	0
128	96	2	1	0
98	97	2	4	0
97	104	3	4	0
110	97	2	2	0
97	112	3	1	0
119	97	2	2	0
97	120	3	4	0
97	123	3	2	0
97	124	3	4	0
97	126	3	2	0
97	127	3	2	0
97	131	3	2	0
97	132	3	2	0
97	135	3	2	0
97	138	3	2	0
97	140	3	1	0
98	104	2	4	0
110	98	2	2	0
98	112	3	1	0
98	120	2	4	0
98	124	2	4	0
98	131	3	1	0
98	132	3	1	0
98	135	3	1	0
98	138	3	1	0
100	99	2	4	0
101	99	2	3	0
99	102	3	2	0
99	104	3	4	0
106	99	2	1	0
99	107	3	1	0
99	108	3	2	0
99	111	3	1	0
99	112	3	1	0
118	99	2	2	0
99	121	3	2	0
99	123	3	3	0
99	124	3	3	0
99	125	3	2	0
99	126	3	1	0
99	127	3	1	0
99	129	3	2	0
99	130	3	1	0
100	102	3	2	0
100	104	3	3	0
106	100	2	1	0
100	108	3	2	0
100	111	3	1	0
118	100	2	2	0
100	121	3	1	0
100	123	3	1	0
100	124	3	2	0
100	125	3	1	0
100	129	3	1	0
100	130	3	1	0
101	104	3	1	0
101	107	3	1	0
101	112	3	1	0
101	123	3	2	0
101	125	3	1	0
101	126	3	1	0
101	127	3	1	0
101	129	3	1	0
102	104	3	4	0
106	102	2	1	0
102	107	3	2	0
102	108	3	1	0
102	111	3	3	0
102	118	3	1	0
102	121	3	2	0
102	123	3	1	0
102	124	3	3	0
102	125	3	1	0
102	129	3	1	0
102	130	3	2	0
102	132	3	1	0
133	102	2	1	0
136	102	2	1	0
139	102	2	1	0
102	140	3	1	0
103	104	2	2	0
103	105	3	1	0
103	107	3	1	0
109	103	2	1	0
103	112	2	2	0
103	123	2	2	0
103	125	2	2	0
103	129	2	2	0
103	131	2	2	0
103	132	2	2	0
103	134	1	2	0
103	137	1	2	0
105	104	2	2	0
106	104	2	1	0
107	104	2	11	0
108	104	2	3	0
109	104	2	1	0
110	104	2	2	0
111	104	2	6	0
112	104	2	5	0
117	104	2	2	0
118	104	2	2	0
120	104	2	5	0
104	121	3	5	0
104	123	3	6	0
104	124	3	13	0
125	104	2	6	0
129	104	2	4	0
130	104	2	6	0
104	131	3	4	0
104	132	3	5	0
133	104	2	1	0
134	104	2	2	0
104	135	3	2	0
136	104	2	1	0
137	104	2	2	0
104	138	3	2	0
139	104	2	1	0
104	140	3	2	0
105	107	2	2	0
105	112	2	2	0
105	123	2	2	0
105	125	2	2	0
105	129	3	1	0
105	131	3	1	0
105	132	3	1	0
105	134	3	1	0
105	137	3	1	0
106	111	2	1	0
106	123	2	1	0
106	125	2	1	0
106	129	2	1	0
107	111	3	4	0
107	112	3	3	0
117	107	2	2	0
107	121	3	5	0
107	123	3	4	0
107	124	3	6	0
107	125	3	4	0
107	129	3	2	0
107	130	3	5	0
107	131	3	1	0
107	132	3	2	0
133	107	2	1	0
107	134	3	1	0
136	107	2	1	0
107	137	3	1	0
139	107	2	1	0
107	140	3	1	0
118	108	2	2	0
108	124	3	2	0
108	130	3	1	0
109	112	2	1	0
109	123	2	1	0
109	125	2	1	0
109	129	2	1	0
109	131	2	1	0
109	132	2	1	0
109	134	2	1	0
109	137	2	1	0
110	112	3	1	0
110	120	2	2	0
110	124	2	2	0
111	117	3	1	0
111	120	3	1	0
111	121	3	2	0
111	123	3	1	0
111	124	3	4	0
111	125	3	1	0
111	129	3	1	0
111	130	3	2	0
111	131	3	1	0
111	132	3	2	0
133	111	2	1	0
111	135	3	1	0
136	111	2	1	0
111	138	3	1	0
139	111	2	1	0
111	140	3	2	0
112	120	3	1	0
112	123	3	4	0
112	124	3	1	0
112	125	3	4	0
112	129	3	3	0
112	131	3	2	0
112	132	3	2	0
134	112	2	2	0
137	112	2	2	0
114	113	2	2	0
113	115	3	2	0
113	116	3	1	0
113	122	3	1	0
113	123	3	3	0
113	124	3	1	0
113	126	3	3	0
113	127	3	2	0
128	113	2	1	0
114	123	3	1	0
114	126	3	1	0
128	114	2	1	0
116	115	2	2	0
115	122	3	1	0
115	123	3	2	0
115	124	3	1	0
115	126	3	2	0
115	127	3	2	0
116	122	3	1	0
116	123	3	1	0
116	124	3	1	0
116	126	3	1	0
116	127	3	1	0
117	124	2	2	0
117	130	2	2	0
118	124	3	1	0
118	130	3	1	0
119	123	2	2	0
119	126	2	2	0
119	127	2	2	0
119	131	3	1	0
119	132	3	1	0
119	135	3	1	0
119	138	3	1	0
119	140	3	1	0
120	124	2	5	0
120	131	3	2	0
120	132	3	2	0
120	135	3	2	0
120	138	3	2	0
120	140	3	1	0
121	123	3	1	0
121	124	3	7	0
121	125	3	1	0
121	130	3	3	0
121	132	3	1	0
133	121	2	1	0
136	121	2	1	0
139	121	2	1	0
121	140	3	1	0
122	123	2	2	0
122	126	2	2	0
122	127	2	2	0
125	123	2	6	0
126	123	2	7	0
127	123	2	6	0
128	123	2	1	0
129	123	2	4	0
123	131	3	3	0
123	132	3	3	0
134	123	2	2	0
123	135	3	1	0
137	123	2	2	0
123	138	3	1	0
123	140	3	1	0
130	124	2	6	0
124	131	3	2	0
124	132	3	3	0
133	124	2	1	0
124	135	3	2	0
136	124	2	1	0
124	138	3	2	0
139	124	2	1	0
124	140	3	2	0
129	125	2	4	0
125	131	3	2	0
125	132	3	2	0
134	125	2	2	0
137	125	2	2	0
127	126	2	6	0
128	126	2	1	0
126	131	3	1	0
126	132	3	1	0
126	135	3	1	0
126	138	3	1	0
126	140	3	1	0
127	131	3	1	0
127	132	3	1	0
127	135	3	1	0
127	138	3	1	0
127	140	3	1	0
129	131	3	2	0
129	132	3	2	0
134	129	2	2	0
137	129	2	2	0
130	132	3	1	0
133	130	2	1	0
136	130	2	1	0
139	130	2	1	0
130	140	3	1	0
131	132	3	4	0
134	131	2	2	0
131	135	3	2	0
137	131	2	2	0
131	138	3	2	0
131	140	3	1	0
133	132	2	1	0
134	132	2	2	0
135	132	2	3	0
136	132	2	1	0
137	132	2	2	0
138	132	2	3	0
139	132	2	1	0
140	132	2	3	0
133	136	1	1	0
133	139	1	1	0
133	140	2	1	0
134	137	1	2	0
135	138	1	3	0
135	140	3	2	0
136	139	1	1	0
136	140	2	1	0
138	140	3	2	0
139	140	2	1	0
