#src_id	dest_id	edge_type	number_common_taxa	percent_common_taxa
1	0	2	10	0
2	0	2	5	0
3	0	2	7	0
5	0	2	4	0
7	0	2	4	0
9	0	2	7	0
10	0	2	8	0
11	0	2	2	0
14	0	2	3	0
17	0	2	29	0
20	0	2	3	0
22	0	2	1	0
23	0	2	20	0
24	0	2	9	0
25	0	2	11	0
26	0	2	6	0
27	0	2	11	0
28	0	2	31	0
29	0	2	7	0
30	0	2	24	0
31	0	2	6	0
32	0	2	12	0
33	0	2	11	0
34	0	2	3	0
35	0	2	28	0
36	0	2	2	0
37	0	2	14	0
38	0	2	9	0
39	0	2	1	0
40	0	2	1	0
41	0	2	5	0
42	0	2	2	0
43	0	2	17	0
44	0	2	13	0
45	0	2	1	0
46	0	2	15	0
47	0	2	14	0
48	0	2	6	0
49	0	2	8	0
50	0	2	1	0
51	0	2	7	0
52	0	2	10	0
53	0	2	8	0
54	0	2	2	0
55	0	2	1	0
56	0	2	1	0
57	0	2	7	0
58	0	2	8	0
59	0	2	7	0
60	0	2	3	0
62	0	2	20	0
64	0	2	5	0
66	0	2	14	0
69	0	2	1	0
71	0	2	6	0
72	0	2	6	0
73	0	2	1	0
74	0	2	5	0
76	0	2	4	0
78	0	2	1	0
80	0	2	2	0
82	0	2	1	0
83	0	2	2	0
84	0	2	2	0
86	0	2	4	0
88	0	2	7	0
89	0	2	12	0
91	0	2	5	0
92	0	2	12	0
93	0	2	6	0
94	0	2	4	0
95	0	2	2	0
96	0	2	5	0
97	0	2	6	0
98	0	2	4	0
99	0	2	8	0
100	0	2	4	0
101	0	2	3	0
102	0	2	7	0
103	0	2	2	0
104	0	2	21	0
105	0	2	2	0
106	0	2	1	0
107	0	2	11	0
108	0	2	3	0
109	0	2	1	0
110	0	2	2	0
111	0	2	6	0
112	0	2	5	0
113	0	2	5	0
114	0	2	2	0
115	0	2	3	0
116	0	2	2	0
117	0	2	2	0
118	0	2	2	0
119	0	2	2	0
120	0	2	5	0
121	0	2	8	0
122	0	2	2	0
123	0	2	13	0
124	0	2	17	0
125	0	2	6	0
126	0	2	7	0
127	0	2	6	0
128	0	2	1	0
129	0	2	4	0
130	0	2	6	0
131	0	2	5	0
132	0	2	6	0
133	0	2	1	0
134	0	2	2	0
135	0	2	3	0
136	0	2	1	0
137	0	2	2	0
138	0	2	3	0
139	0	2	1	0
140	0	2	3	0
2	1	2	5	0
3	1	2	7	0
1	4	2	10	0
14	1	2	3	0
1	17	2	10	0
1	23	2	10	0
1	25	2	10	0
1	27	2	10	0
29	1	2	7	0
1	30	2	10	0
34	1	2	3	0
36	1	2	2	0
41	1	2	5	0
42	1	2	2	0
1	44	2	10	0
1	47	2	10	0
51	1	2	7	0
56	1	2	1	0
59	1	2	7	0
60	1	2	3	0
1	79	2	10	0
94	1	2	4	0
95	1	2	2	0
97	1	2	6	0
98	1	2	4	0
110	1	2	2	0
115	1	2	3	0
116	1	2	2	0
119	1	2	2	0
120	1	2	5	0
135	1	2	3	0
138	1	2	3	0
2	4	2	5	0
2	10	2	5	0
2	17	2	5	0
2	23	2	5	0
2	25	2	5	0
2	27	2	5	0
2	29	2	5	0
2	30	2	5	0
2	38	2	5	0
42	2	2	2	0
2	44	2	5	0
2	47	2	5	0
2	49	2	5	0
2	51	2	5	0
2	58	2	5	0
2	59	2	5	0
60	2	2	3	0
2	79	2	5	0
2	89	2	5	0
95	2	2	2	0
98	2	2	4	0
2	104	2	5	0
110	2	2	2	0
2	124	2	5	0
3	4	2	7	0
14	3	2	3	0
3	17	2	7	0
3	23	2	7	0
3	25	2	7	0
3	27	2	7	0
3	30	2	7	0
3	33	2	7	0
34	3	2	3	0
36	3	2	2	0
3	44	2	7	0
3	47	2	7	0
56	3	2	1	0
3	79	2	7	0
3	92	2	7	0
95	3	2	2	0
115	3	2	3	0
116	3	2	2	0
119	3	2	2	0
10	4	2	8	0
14	4	2	3	0
16	4	2	2	0
19	4	2	4	0
21	4	2	7	0
25	4	2	11	0
27	4	2	11	0
29	4	2	7	0
33	4	2	11	0
34	4	2	3	0
36	4	2	2	0
40	4	2	1	0
41	4	2	5	0
42	4	2	2	0
44	4	2	13	0
45	4	2	1	0
47	4	2	14	0
48	4	2	6	0
49	4	2	8	0
50	4	2	1	0
51	4	2	7	0
54	4	2	2	0
55	4	2	1	0
56	4	2	1	0
58	4	2	8	0
59	4	2	7	0
60	4	2	3	0
69	4	2	1	0
73	4	2	1	0
79	4	2	16	0
82	4	2	1	0
86	4	2	4	0
88	4	2	7	0
92	4	2	12	0
93	4	2	6	0
94	4	2	4	0
95	4	2	2	0
96	4	2	5	0
97	4	2	6	0
98	4	2	4	0
103	4	2	2	0
105	4	2	2	0
106	4	2	1	0
109	4	2	1	0
110	4	2	2	0
112	4	2	5	0
113	4	2	5	0
114	4	2	2	0
115	4	2	3	0
116	4	2	2	0
119	4	2	2	0
120	4	2	5	0
122	4	2	2	0
126	4	2	7	0
127	4	2	6	0
128	4	2	1	0
129	4	2	4	0
131	4	2	5	0
132	4	2	6	0
133	4	2	1	0
134	4	2	2	0
135	4	2	3	0
136	4	2	1	0
137	4	2	2	0
138	4	2	3	0
139	4	2	1	0
140	4	2	3	0
5	8	2	4	0
5	17	2	4	0
22	5	2	1	0
5	28	2	4	0
5	35	2	4	0
5	43	2	4	0
5	46	2	4	0
5	67	2	4	0
5	68	2	4	0
5	75	2	4	0
78	5	2	1	0
5	81	2	4	0
5	104	2	4	0
5	107	2	4	0
117	5	2	2	0
5	124	2	4	0
5	130	2	4	0
16	6	2	2	0
39	6	2	1	0
40	6	2	1	0
45	6	2	1	0
50	6	2	1	0
55	6	2	1	0
65	6	2	7	0
69	6	2	1	0
73	6	2	1	0
82	6	2	1	0
101	6	2	3	0
103	6	2	2	0
105	6	2	2	0
106	6	2	1	0
109	6	2	1	0
114	6	2	2	0
128	6	2	1	0
129	6	2	4	0
133	6	2	1	0
134	6	2	2	0
136	6	2	1	0
137	6	2	2	0
139	6	2	1	0
7	17	2	4	0
22	7	2	1	0
7	23	2	4	0
7	24	2	4	0
7	28	2	4	0
7	35	2	4	0
7	43	2	4	0
7	46	2	4	0
7	67	2	4	0
7	68	2	4	0
7	75	2	4	0
78	7	2	1	0
7	104	2	4	0
117	7	2	2	0
7	124	2	4	0
7	130	2	4	0
16	8	2	2	0
22	8	2	1	0
45	8	2	1	0
55	8	2	1	0
69	8	2	1	0
73	8	2	1	0
78	8	2	1	0
82	8	2	1	0
105	8	2	2	0
106	8	2	1	0
117	8	2	2	0
128	8	2	1	0
14	9	2	3	0
9	17	2	7	0
9	28	2	7	0
9	30	2	7	0
34	9	2	3	0
36	9	2	2	0
40	9	2	1	0
56	9	2	1	0
109	9	2	1	0
115	9	2	3	0
116	9	2	2	0
133	9	2	1	0
136	9	2	1	0
139	9	2	1	0
10	17	2	8	0
10	23	2	8	0
10	25	2	8	0
10	27	2	8	0
29	10	2	7	0
10	30	2	8	0
41	10	2	5	0
42	10	2	2	0
10	44	2	8	0
10	47	2	8	0
50	10	2	1	0
51	10	2	7	0
59	10	2	7	0
60	10	2	3	0
10	79	2	8	0
94	10	2	4	0
95	10	2	2	0
97	10	2	6	0
98	10	2	4	0
110	10	2	2	0
119	10	2	2	0
120	10	2	5	0
135	10	2	3	0
138	10	2	3	0
11	15	2	2	0
11	17	2	2	0
22	11	2	1	0
11	23	2	2	0
11	24	2	2	0
11	26	2	2	0
11	28	2	2	0
11	35	2	2	0
40	11	2	1	0
11	43	2	2	0
11	46	2	2	0
78	11	2	1	0
11	104	2	2	0
11	107	2	2	0
11	111	2	2	0
11	124	2	2	0
11	130	2	2	0
133	11	2	1	0
136	11	2	1	0
139	11	2	1	0
13	12	2	10	0
14	12	2	3	0
16	12	2	2	0
20	12	2	3	0
22	12	2	1	0
34	12	2	3	0
36	12	2	2	0
45	12	2	1	0
48	12	2	6	0
56	12	2	1	0
69	12	2	1	0
78	12	2	1	0
103	12	2	2	0
105	12	2	2	0
106	12	2	1	0
109	12	2	1	0
114	12	2	2	0
115	12	2	3	0
116	12	2	2	0
128	12	2	1	0
134	12	2	2	0
137	12	2	2	0
16	13	2	2	0
20	13	2	3	0
22	13	2	1	0
45	13	2	1	0
69	13	2	1	0
78	13	2	1	0
103	13	2	2	0
105	13	2	2	0
106	13	2	1	0
109	13	2	1	0
114	13	2	2	0
128	13	2	1	0
134	13	2	2	0
137	13	2	2	0
14	17	2	3	0
14	23	2	3	0
14	25	2	3	0
14	27	2	3	0
14	28	2	3	0
14	30	2	3	0
14	33	2	3	0
36	14	2	2	0
14	37	2	3	0
14	44	2	3	0
14	47	2	3	0
14	48	2	3	0
14	52	2	3	0
56	14	2	1	0
14	57	2	3	0
14	79	2	3	0
14	86	2	3	0
14	90	2	3	0
14	92	2	3	0
14	93	2	3	0
116	14	2	2	0
16	15	2	2	0
20	15	2	3	0
22	15	2	1	0
40	15	2	1	0
45	15	2	1	0
56	15	2	1	0
69	15	2	1	0
78	15	2	1	0
80	15	2	2	0
103	15	2	2	0
109	15	2	1	0
133	15	2	1	0
134	15	2	2	0
136	15	2	1	0
137	15	2	2	0
139	15	2	1	0
16	18	2	2	0
16	21	2	2	0
16	61	2	2	0
16	63	2	2	0
16	65	2	2	0
16	79	2	2	0
16	85	2	2	0
16	87	2	2	0
16	90	2	2	0
20	17	2	3	0
22	17	2	1	0
25	17	2	11	0
27	17	2	11	0
29	17	2	7	0
33	17	2	11	0
34	17	2	3	0
36	17	2	2	0
37	17	2	14	0
40	17	2	1	0
41	17	2	5	0
42	17	2	2	0
44	17	2	13	0
45	17	2	1	0
47	17	2	14	0
48	17	2	6	0
49	17	2	8	0
50	17	2	1	0
51	17	2	7	0
52	17	2	10	0
53	17	2	8	0
54	17	2	2	0
55	17	2	1	0
56	17	2	1	0
57	17	2	7	0
58	17	2	8	0
59	17	2	7	0
60	17	2	3	0
64	17	2	5	0
69	17	2	1	0
73	17	2	1	0
78	17	2	1	0
80	17	2	2	0
82	17	2	1	0
86	17	2	4	0
88	17	2	7	0
89	17	2	12	0
92	17	2	12	0
93	17	2	6	0
94	17	2	4	0
95	17	2	2	0
96	17	2	5	0
97	17	2	6	0
98	17	2	4	0
101	17	2	3	0
103	17	2	2	0
106	17	2	1	0
109	17	2	1	0
110	17	2	2	0
113	17	2	5	0
114	17	2	2	0
115	17	2	3	0
116	17	2	2	0
117	17	2	2	0
119	17	2	2	0
120	17	2	5	0
122	17	2	2	0
126	17	2	7	0
127	17	2	6	0
128	17	2	1	0
129	17	2	4	0
130	17	2	6	0
131	17	2	5	0
132	17	2	6	0
133	17	2	1	0
134	17	2	2	0
135	17	2	3	0
136	17	2	1	0
137	17	2	2	0
138	17	2	3	0
139	17	2	1	0
140	17	2	3	0
19	18	2	4	0
20	18	2	3	0
21	18	2	7	0
22	18	2	1	0
45	18	2	1	0
69	18	2	1	0
78	18	2	1	0
103	18	2	2	0
109	18	2	1	0
134	18	2	2	0
137	18	2	2	0
19	21	2	4	0
22	20	2	1	0
20	23	2	3	0
20	24	2	3	0
20	26	2	3	0
20	28	2	3	0
20	35	2	3	0
45	20	2	1	0
20	46	2	3	0
20	67	2	3	0
69	20	2	1	0
78	20	2	1	0
103	20	2	2	0
20	104	2	3	0
109	20	2	1	0
134	20	2	2	0
137	20	2	2	0
45	21	2	1	0
69	21	2	1	0
103	21	2	2	0
109	21	2	1	0
134	21	2	2	0
137	21	2	2	0
22	23	2	1	0
22	24	2	1	0
22	26	2	1	0
22	28	2	1	0
22	31	2	1	0
22	35	2	1	0
22	43	2	1	0
22	46	2	1	0
22	67	2	1	0
22	68	2	1	0
22	71	2	1	0
22	72	2	1	0
22	74	2	1	0
22	75	2	1	0
22	80	2	1	0
22	81	2	1	0
22	91	2	1	0
22	104	2	1	0
22	107	2	1	0
22	111	2	1	0
22	117	2	1	0
22	124	2	1	0
22	130	2	1	0
24	23	2	9	0
25	23	2	11	0
26	23	2	6	0
27	23	2	11	0
29	23	2	7	0
33	23	2	11	0
34	23	2	3	0
36	23	2	2	0
38	23	2	9	0
39	23	2	1	0
40	23	2	1	0
41	23	2	5	0
42	23	2	2	0
45	23	2	1	0
49	23	2	8	0
50	23	2	1	0
51	23	2	7	0
54	23	2	2	0
55	23	2	1	0
56	23	2	1	0
58	23	2	8	0
59	23	2	7	0
60	23	2	3	0
69	23	2	1	0
73	23	2	1	0
78	23	2	1	0
80	23	2	2	0
86	23	2	4	0
94	23	2	4	0
95	23	2	2	0
97	23	2	6	0
98	23	2	4	0
103	23	2	2	0
109	23	2	1	0
110	23	2	2	0
115	23	2	3	0
116	23	2	2	0
117	23	2	2	0
119	23	2	2	0
120	23	2	5	0
122	23	2	2	0
131	23	2	5	0
132	23	2	6	0
133	23	2	1	0
134	23	2	2	0
135	23	2	3	0
136	23	2	1	0
137	23	2	2	0
138	23	2	3	0
139	23	2	1	0
140	23	2	3	0
26	24	2	6	0
24	28	2	9	0
24	35	2	9	0
39	24	2	1	0
40	24	2	1	0
45	24	2	1	0
24	46	2	9	0
55	24	2	1	0
69	24	2	1	0
73	24	2	1	0
78	24	2	1	0
80	24	2	2	0
103	24	2	2	0
109	24	2	1	0
117	24	2	2	0
133	24	2	1	0
134	24	2	2	0
136	24	2	1	0
137	24	2	2	0
139	24	2	1	0
29	25	2	7	0
25	30	2	11	0
34	25	2	3	0
36	25	2	2	0
41	25	2	5	0
42	25	2	2	0
25	44	2	11	0
25	47	2	11	0
49	25	2	8	0
50	25	2	1	0
51	25	2	7	0
56	25	2	1	0
58	25	2	8	0
59	25	2	7	0
60	25	2	3	0
25	79	2	11	0
86	25	2	4	0
94	25	2	4	0
95	25	2	2	0
97	25	2	6	0
98	25	2	4	0
110	25	2	2	0
115	25	2	3	0
116	25	2	2	0
119	25	2	2	0
120	25	2	5	0
122	25	2	2	0
135	25	2	3	0
138	25	2	3	0
26	28	2	6	0
26	35	2	6	0
39	26	2	1	0
40	26	2	1	0
45	26	2	1	0
26	46	2	6	0
55	26	2	1	0
69	26	2	1	0
73	26	2	1	0
78	26	2	1	0
80	26	2	2	0
103	26	2	2	0
109	26	2	1	0
133	26	2	1	0
134	26	2	2	0
136	26	2	1	0
137	26	2	2	0
139	26	2	1	0
29	27	2	7	0
27	30	2	11	0
34	27	2	3	0
36	27	2	2	0
41	27	2	5	0
42	27	2	2	0
27	44	2	11	0
27	47	2	11	0
49	27	2	8	0
50	27	2	1	0
51	27	2	7	0
56	27	2	1	0
58	27	2	8	0
59	27	2	7	0
60	27	2	3	0
27	79	2	11	0
86	27	2	4	0
94	27	2	4	0
95	27	2	2	0
97	27	2	6	0
98	27	2	4	0
110	27	2	2	0
115	27	2	3	0
116	27	2	2	0
119	27	2	2	0
120	27	2	5	0
122	27	2	2	0
135	27	2	3	0
138	27	2	3	0
31	28	2	6	0
32	28	2	12	0
34	28	2	3	0
35	28	2	28	0
36	28	2	2	0
37	28	2	14	0
39	28	2	1	0
40	28	2	1	0
43	28	2	17	0
45	28	2	1	0
46	28	2	15	0
48	28	2	6	0
50	28	2	1	0
52	28	2	10	0
53	28	2	8	0
54	28	2	2	0
55	28	2	1	0
56	28	2	1	0
57	28	2	7	0
62	28	2	20	0
64	28	2	5	0
66	28	2	14	0
69	28	2	1	0
71	28	2	6	0
72	28	2	6	0
73	28	2	1	0
74	28	2	5	0
76	28	2	4	0
78	28	2	1	0
80	28	2	2	0
82	28	2	1	0
83	28	2	2	0
84	28	2	2	0
86	28	2	4	0
91	28	2	5	0
93	28	2	6	0
96	28	2	5	0
99	28	2	8	0
100	28	2	4	0
101	28	2	3	0
102	28	2	7	0
103	28	2	2	0
105	28	2	2	0
106	28	2	1	0
107	28	2	11	0
108	28	2	3	0
109	28	2	1	0
113	28	2	5	0
114	28	2	2	0
115	28	2	3	0
116	28	2	2	0
117	28	2	2	0
118	28	2	2	0
121	28	2	8	0
122	28	2	2	0
125	28	2	6	0
128	28	2	1	0
129	28	2	4	0
130	28	2	6	0
133	28	2	1	0
134	28	2	2	0
136	28	2	1	0
137	28	2	2	0
139	28	2	1	0
29	30	2	7	0
29	38	2	7	0
41	29	2	5	0
42	29	2	2	0
29	44	2	7	0
29	47	2	7	0
29	49	2	7	0
29	58	2	7	0
60	29	2	3	0
29	79	2	7	0
94	29	2	4	0
95	29	2	2	0
97	29	2	6	0
98	29	2	4	0
110	29	2	2	0
119	29	2	2	0
120	29	2	5	0
135	29	2	3	0
138	29	2	3	0
32	30	2	12	0
33	30	2	11	0
34	30	2	3	0
36	30	2	2	0
37	30	2	14	0
38	30	2	9	0
39	30	2	1	0
40	30	2	1	0
41	30	2	5	0
42	30	2	2	0
44	30	2	13	0
45	30	2	1	0
47	30	2	14	0
48	30	2	6	0
49	30	2	8	0
50	30	2	1	0
51	30	2	7	0
52	30	2	10	0
53	30	2	8	0
54	30	2	2	0
55	30	2	1	0
56	30	2	1	0
57	30	2	7	0
58	30	2	8	0
59	30	2	7	0
60	30	2	3	0
69	30	2	1	0
73	30	2	1	0
86	30	2	4	0
88	30	2	7	0
89	30	2	12	0
92	30	2	12	0
93	30	2	6	0
94	30	2	4	0
95	30	2	2	0
96	30	2	5	0
97	30	2	6	0
98	30	2	4	0
101	30	2	3	0
103	30	2	2	0
106	30	2	1	0
109	30	2	1	0
110	30	2	2	0
113	30	2	5	0
114	30	2	2	0
115	30	2	3	0
116	30	2	2	0
119	30	2	2	0
120	30	2	5	0
122	30	2	2	0
126	30	2	7	0
127	30	2	6	0
128	30	2	1	0
129	30	2	4	0
131	30	2	5	0
132	30	2	6	0
133	30	2	1	0
134	30	2	2	0
135	30	2	3	0
136	30	2	1	0
137	30	2	2	0
138	30	2	3	0
139	30	2	1	0
140	30	2	3	0
31	35	2	6	0
31	43	2	6	0
31	46	2	6	0
31	67	2	6	0
78	31	2	1	0
82	31	2	1	0
117	31	2	2	0
31	124	2	6	0
32	35	2	12	0
39	32	2	1	0
40	32	2	1	0
50	32	2	1	0
55	32	2	1	0
73	32	2	1	0
101	32	2	3	0
106	32	2	1	0
114	32	2	2	0
128	32	2	1	0
133	32	2	1	0
136	32	2	1	0
139	32	2	1	0
34	33	2	3	0
36	33	2	2	0
41	33	2	5	0
45	33	2	1	0
56	33	2	1	0
60	33	2	3	0
69	33	2	1	0
33	79	2	11	0
95	33	2	2	0
103	33	2	2	0
109	33	2	1	0
110	33	2	2	0
115	33	2	3	0
116	33	2	2	0
119	33	2	2	0
134	33	2	2	0
137	33	2	2	0
36	34	2	2	0
34	37	2	3	0
34	44	2	3	0
34	47	2	3	0
34	48	2	3	0
34	52	2	3	0
56	34	2	1	0
34	57	2	3	0
34	79	2	3	0
34	86	2	3	0
34	90	2	3	0
34	92	2	3	0
34	93	2	3	0
116	34	2	2	0
39	35	2	1	0
40	35	2	1	0
43	35	2	17	0
45	35	2	1	0
46	35	2	15	0
50	35	2	1	0
55	35	2	1	0
62	35	2	20	0
64	35	2	5	0
66	35	2	14	0
69	35	2	1	0
71	35	2	6	0
72	35	2	6	0
73	35	2	1	0
74	35	2	5	0
76	35	2	4	0
78	35	2	1	0
80	35	2	2	0
82	35	2	1	0
83	35	2	2	0
84	35	2	2	0
91	35	2	5	0
99	35	2	8	0
100	35	2	4	0
101	35	2	3	0
102	35	2	7	0
103	35	2	2	0
105	35	2	2	0
106	35	2	1	0
107	35	2	11	0
108	35	2	3	0
109	35	2	1	0
114	35	2	2	0
117	35	2	2	0
118	35	2	2	0
121	35	2	8	0
125	35	2	6	0
128	35	2	1	0
129	35	2	4	0
130	35	2	6	0
133	35	2	1	0
134	35	2	2	0
136	35	2	1	0
137	35	2	2	0
139	35	2	1	0
36	37	2	2	0
36	44	2	2	0
36	47	2	2	0
36	48	2	2	0
36	52	2	2	0
36	53	2	2	0
36	57	2	2	0
36	79	2	2	0
36	86	2	2	0
36	90	2	2	0
36	92	2	2	0
36	93	2	2	0
36	96	2	2	0
36	113	2	2	0
36	115	2	2	0
45	37	2	1	0
48	37	2	6	0
50	37	2	1	0
52	37	2	10	0
53	37	2	8	0
54	37	2	2	0
55	37	2	1	0
56	37	2	1	0
57	37	2	7	0
69	37	2	1	0
73	37	2	1	0
86	37	2	4	0
93	37	2	6	0
96	37	2	5	0
101	37	2	3	0
103	37	2	2	0
106	37	2	1	0
109	37	2	1	0
113	37	2	5	0
114	37	2	2	0
115	37	2	3	0
116	37	2	2	0
122	37	2	2	0
128	37	2	1	0
129	37	2	4	0
134	37	2	2	0
137	37	2	2	0
39	38	2	1	0
40	38	2	1	0
41	38	2	5	0
42	38	2	2	0
51	38	2	7	0
59	38	2	7	0
60	38	2	3	0
94	38	2	4	0
95	38	2	2	0
97	38	2	6	0
98	38	2	4	0
110	38	2	2	0
119	38	2	2	0
120	38	2	5	0
133	38	2	1	0
135	38	2	3	0
136	38	2	1	0
138	38	2	3	0
139	38	2	1	0
140	38	2	3	0
39	43	2	1	0
39	46	2	1	0
39	61	2	1	0
39	90	2	1	0
39	102	2	1	0
39	121	2	1	0
39	124	2	1	0
40	43	2	1	0
40	46	2	1	0
40	61	2	1	0
40	62	2	1	0
40	64	2	1	0
40	65	2	1	0
40	80	2	1	0
40	85	2	1	0
40	87	2	1	0
40	90	2	1	0
40	102	2	1	0
40	104	2	1	0
40	107	2	1	0
40	111	2	1	0
40	121	2	1	0
40	124	2	1	0
40	130	2	1	0
40	132	2	1	0
40	140	2	1	0
41	44	2	5	0
41	47	2	5	0
41	49	2	5	0
41	51	2	5	0
41	58	2	5	0
41	59	2	5	0
60	41	2	3	0
41	79	2	5	0
95	41	2	2	0
119	41	2	2	0
42	44	2	2	0
42	47	2	2	0
42	49	2	2	0
42	51	2	2	0
42	58	2	2	0
42	59	2	2	0
42	79	2	2	0
42	89	2	2	0
42	92	2	2	0
42	94	2	2	0
42	97	2	2	0
42	98	2	2	0
42	104	2	2	0
42	120	2	2	0
42	124	2	2	0
55	43	2	1	0
73	43	2	1	0
78	43	2	1	0
80	43	2	2	0
82	43	2	1	0
101	43	2	3	0
106	43	2	1	0
117	43	2	2	0
128	43	2	1	0
130	43	2	6	0
133	43	2	1	0
136	43	2	1	0
139	43	2	1	0
49	44	2	8	0
50	44	2	1	0
51	44	2	7	0
56	44	2	1	0
58	44	2	8	0
59	44	2	7	0
60	44	2	3	0
86	44	2	4	0
94	44	2	4	0
95	44	2	2	0
97	44	2	6	0
98	44	2	4	0
109	44	2	1	0
110	44	2	2	0
115	44	2	3	0
116	44	2	2	0
119	44	2	2	0
120	44	2	5	0
122	44	2	2	0
135	44	2	3	0
138	44	2	3	0
45	46	2	1	0
45	67	2	1	0
45	79	2	1	0
45	81	2	1	0
45	88	2	1	0
45	90	2	1	0
45	103	2	1	0
45	104	2	1	0
45	105	2	1	0
45	107	2	1	0
45	112	2	1	0
45	123	2	1	0
45	125	2	1	0
45	129	2	1	0
45	131	2	1	0
45	132	2	1	0
45	134	2	1	0
45	137	2	1	0
55	46	2	1	0
69	46	2	1	0
73	46	2	1	0
78	46	2	1	0
80	46	2	2	0
82	46	2	1	0
103	46	2	2	0
106	46	2	1	0
109	46	2	1	0
117	46	2	2	0
129	46	2	4	0
130	46	2	6	0
133	46	2	1	0
134	46	2	2	0
136	46	2	1	0
137	46	2	2	0
139	46	2	1	0
48	47	2	6	0
49	47	2	8	0
50	47	2	1	0
51	47	2	7	0
56	47	2	1	0
58	47	2	8	0
59	47	2	7	0
60	47	2	3	0
86	47	2	4	0
92	47	2	12	0
93	47	2	6	0
94	47	2	4	0
95	47	2	2	0
96	47	2	5	0
97	47	2	6	0
98	47	2	4	0
110	47	2	2	0
113	47	2	5	0
114	47	2	2	0
115	47	2	3	0
116	47	2	2	0
119	47	2	2	0
120	47	2	5	0
122	47	2	2	0
128	47	2	1	0
135	47	2	3	0
138	47	2	3	0
56	48	2	1	0
48	90	2	6	0
114	48	2	2	0
115	48	2	3	0
116	48	2	2	0
128	48	2	1	0
50	49	2	1	0
51	49	2	7	0
59	49	2	7	0
60	49	2	3	0
49	79	2	8	0
94	49	2	4	0
95	49	2	2	0
97	49	2	6	0
98	49	2	4	0
110	49	2	2	0
119	49	2	2	0
120	49	2	5	0
135	49	2	3	0
138	49	2	3	0
50	52	2	1	0
50	53	2	1	0
50	57	2	1	0
50	58	2	1	0
50	79	2	1	0
50	86	2	1	0
50	89	2	1	0
50	90	2	1	0
50	92	2	1	0
50	93	2	1	0
50	96	2	1	0
50	113	2	1	0
50	122	2	1	0
50	123	2	1	0
50	126	2	1	0
50	127	2	1	0
51	58	2	7	0
60	51	2	3	0
51	79	2	7	0
94	51	2	4	0
95	51	2	2	0
97	51	2	6	0
98	51	2	4	0
110	51	2	2	0
119	51	2	2	0
120	51	2	5	0
135	51	2	3	0
138	51	2	3	0
53	52	2	8	0
54	52	2	2	0
55	52	2	1	0
56	52	2	1	0
57	52	2	7	0
73	52	2	1	0
86	52	2	4	0
52	90	2	10	0
93	52	2	6	0
96	52	2	5	0
101	52	2	3	0
106	52	2	1	0
113	52	2	5	0
114	52	2	2	0
115	52	2	3	0
116	52	2	2	0
122	52	2	2	0
128	52	2	1	0
53	90	2	8	0
96	53	2	5	0
106	53	2	1	0
113	53	2	5	0
114	53	2	2	0
128	53	2	1	0
55	54	2	1	0
56	54	2	1	0
73	54	2	1	0
54	90	2	2	0
54	123	2	2	0
55	61	2	1	0
55	62	2	1	0
55	63	2	1	0
55	66	2	1	0
55	67	2	1	0
55	68	2	1	0
55	70	2	1	0
55	72	2	1	0
55	75	2	1	0
55	77	2	1	0
55	81	2	1	0
55	85	2	1	0
55	90	2	1	0
55	99	2	1	0
55	101	2	1	0
55	104	2	1	0
55	107	2	1	0
55	112	2	1	0
55	123	2	1	0
55	125	2	1	0
55	129	2	1	0
56	57	2	1	0
56	79	2	1	0
56	86	2	1	0
56	88	2	1	0
56	89	2	1	0
56	90	2	1	0
56	92	2	1	0
56	93	2	1	0
56	115	2	1	0
56	116	2	1	0
56	122	2	1	0
56	123	2	1	0
56	126	2	1	0
56	127	2	1	0
86	57	2	4	0
57	90	2	7	0
106	57	2	1	0
115	57	2	3	0
116	57	2	2	0
122	57	2	2	0
128	57	2	1	0
59	58	2	7	0
60	58	2	3	0
58	79	2	8	0
94	58	2	4	0
95	58	2	2	0
97	58	2	6	0
98	58	2	4	0
110	58	2	2	0
119	58	2	2	0
120	58	2	5	0
135	58	2	3	0
138	58	2	3	0
60	59	2	3	0
59	79	2	7	0
94	59	2	4	0
95	59	2	2	0
97	59	2	6	0
98	59	2	4	0
110	59	2	2	0
119	59	2	2	0
120	59	2	5	0
135	59	2	3	0
138	59	2	3	0
60	79	2	3	0
60	88	2	3	0
60	89	2	3	0
95	60	2	2	0
60	104	2	3	0
60	120	2	3	0
60	124	2	3	0
62	61	2	20	0
63	61	2	8	0
64	61	2	5	0
65	61	2	7	0
66	61	2	14	0
73	61	2	1	0
76	61	2	4	0
82	61	2	1	0
83	61	2	2	0
84	61	2	2	0
85	61	2	13	0
99	61	2	8	0
100	61	2	4	0
101	61	2	3	0
102	61	2	7	0
106	61	2	1	0
108	61	2	3	0
114	61	2	2	0
118	61	2	2	0
121	61	2	8	0
128	61	2	1	0
133	61	2	1	0
136	61	2	1	0
139	61	2	1	0
64	62	2	5	0
66	62	2	14	0
73	62	2	1	0
76	62	2	4	0
82	62	2	1	0
83	62	2	2	0
84	62	2	2	0
99	62	2	8	0
100	62	2	4	0
101	62	2	3	0
106	62	2	1	0
108	62	2	3	0
118	62	2	2	0
128	62	2	1	0
133	62	2	1	0
136	62	2	1	0
139	62	2	1	0
73	63	2	1	0
106	63	2	1	0
82	64	2	1	0
128	64	2	1	0
133	64	2	1	0
136	64	2	1	0
139	64	2	1	0
106	65	2	1	0
133	65	2	1	0
136	65	2	1	0
139	65	2	1	0
73	66	2	1	0
76	66	2	4	0
82	66	2	1	0
83	66	2	2	0
84	66	2	2	0
101	66	2	3	0
108	66	2	3	0
118	66	2	2	0
128	66	2	1	0
68	67	2	15	0
69	67	2	1	0
70	67	2	9	0
71	67	2	6	0
72	67	2	6	0
73	67	2	1	0
74	67	2	5	0
75	67	2	12	0
76	67	2	4	0
77	67	2	6	0
78	67	2	1	0
82	67	2	1	0
83	67	2	2	0
84	67	2	2	0
103	67	2	2	0
108	67	2	3	0
109	67	2	1	0
117	67	2	2	0
118	67	2	2	0
128	67	2	1	0
134	67	2	2	0
137	67	2	2	0
70	68	2	9	0
71	68	2	6	0
72	68	2	6	0
73	68	2	1	0
74	68	2	5	0
75	68	2	12	0
77	68	2	6	0
78	68	2	1	0
83	68	2	2	0
84	68	2	2	0
108	68	2	3	0
109	68	2	1	0
117	68	2	2	0
118	68	2	2	0
128	68	2	1	0
69	79	2	1	0
69	81	2	1	0
69	88	2	1	0
69	90	2	1	0
69	103	2	1	0
69	104	2	1	0
69	105	2	1	0
69	107	2	1	0
69	112	2	1	0
69	123	2	1	0
69	125	2	1	0
69	129	2	1	0
69	131	2	1	0
69	132	2	1	0
69	134	2	1	0
69	137	2	1	0
73	70	2	1	0
84	70	2	2	0
109	70	2	1	0
128	70	2	1	0
74	71	2	5	0
71	75	2	6	0
78	71	2	1	0
83	71	2	2	0
108	71	2	3	0
117	71	2	2	0
118	71	2	2	0
73	72	2	1	0
74	72	2	5	0
72	75	2	6	0
78	72	2	1	0
83	72	2	2	0
72	104	2	6	0
108	72	2	3	0
117	72	2	2	0
118	72	2	2	0
73	75	2	1	0
73	77	2	1	0
73	81	2	1	0
73	85	2	1	0
73	90	2	1	0
73	99	2	1	0
73	101	2	1	0
73	104	2	1	0
73	107	2	1	0
73	112	2	1	0
73	123	2	1	0
73	125	2	1	0
73	129	2	1	0
74	75	2	5	0
78	74	2	1	0
83	74	2	2	0
74	104	2	5	0
108	74	2	3	0
117	74	2	2	0
118	74	2	2	0
77	75	2	6	0
78	75	2	1	0
83	75	2	2	0
108	75	2	3	0
109	75	2	1	0
117	75	2	2	0
118	75	2	2	0
82	76	2	1	0
84	76	2	2	0
76	85	2	4	0
76	90	2	4	0
128	76	2	1	0
109	77	2	1	0
78	80	2	1	0
78	81	2	1	0
78	91	2	1	0
78	104	2	1	0
78	107	2	1	0
78	111	2	1	0
78	117	2	1	0
78	124	2	1	0
78	130	2	1	0
86	79	2	4	0
94	79	2	4	0
95	79	2	2	0
97	79	2	6	0
98	79	2	4	0
103	79	2	2	0
106	79	2	1	0
109	79	2	1	0
110	79	2	2	0
115	79	2	3	0
116	79	2	2	0
119	79	2	2	0
120	79	2	5	0
122	79	2	2	0
131	79	2	5	0
134	79	2	2	0
135	79	2	3	0
137	79	2	2	0
138	79	2	3	0
80	104	2	2	0
80	107	2	2	0
80	111	2	2	0
80	124	2	2	0
80	130	2	2	0
133	80	2	1	0
136	80	2	1	0
139	80	2	1	0
106	81	2	1	0
117	81	2	2	0
82	85	2	1	0
82	90	2	1	0
82	99	2	1	0
82	100	2	1	0
82	121	2	1	0
82	124	2	1	0
83	91	2	2	0
83	99	2	2	0
83	100	2	2	0
83	104	2	2	0
83	108	2	2	0
84	85	2	2	0
84	90	2	2	0
128	84	2	1	0
106	85	2	1	0
128	85	2	1	0
133	85	2	1	0
136	85	2	1	0
139	85	2	1	0
86	90	2	4	0
86	92	2	4	0
86	93	2	4	0
115	86	2	3	0
116	86	2	2	0
122	86	2	2	0
106	87	2	1	0
128	87	2	1	0
133	87	2	1	0
136	87	2	1	0
139	87	2	1	0
95	88	2	2	0
103	88	2	2	0
109	88	2	1	0
134	88	2	2	0
137	88	2	2	0
95	89	2	2	0
98	89	2	4	0
110	89	2	2	0
114	89	2	2	0
116	89	2	2	0
120	89	2	5	0
122	89	2	2	0
128	89	2	1	0
93	90	2	6	0
96	90	2	5	0
101	90	2	3	0
103	90	2	2	0
105	90	2	2	0
106	90	2	1	0
109	90	2	1	0
113	90	2	5	0
114	90	2	2	0
115	90	2	3	0
116	90	2	2	0
122	90	2	2	0
128	90	2	1	0
129	90	2	4	0
133	90	2	1	0
134	90	2	2	0
136	90	2	1	0
137	90	2	2	0
139	90	2	1	0
117	91	2	2	0
118	91	2	2	0
93	92	2	6	0
94	92	2	4	0
95	92	2	2	0
96	92	2	5	0
97	92	2	6	0
98	92	2	4	0
110	92	2	2	0
113	92	2	5	0
114	92	2	2	0
115	92	2	3	0
116	92	2	2	0
119	92	2	2	0
122	92	2	2	0
128	92	2	1	0
96	93	2	5	0
113	93	2	5	0
114	93	2	2	0
115	93	2	3	0
116	93	2	2	0
122	93	2	2	0
128	93	2	1	0
94	97	2	4	0
119	94	2	2	0
95	97	2	2	0
95	98	2	2	0
95	104	2	2	0
95	120	2	2	0
95	124	2	2	0
114	96	2	2	0
128	96	2	1	0
98	97	2	4	0
110	97	2	2	0
119	97	2	2	0
98	104	2	4	0
110	98	2	2	0
98	120	2	4	0
98	124	2	4	0
100	99	2	4	0
101	99	2	3	0
106	99	2	1	0
118	99	2	2	0
106	100	2	1	0
118	100	2	2	0
106	102	2	1	0
133	102	2	1	0
136	102	2	1	0
139	102	2	1	0
103	104	2	2	0
109	103	2	1	0
103	112	2	2	0
103	123	2	2	0
103	125	2	2	0
103	129	2	2	0
103	131	2	2	0
103	132	2	2	0
105	104	2	2	0
106	104	2	1	0
107	104	2	11	0
108	104	2	3	0
109	104	2	1	0
110	104	2	2	0
111	104	2	6	0
112	104	2	5	0
117	104	2	2	0
118	104	2	2	0
120	104	2	5	0
125	104	2	6	0
129	104	2	4	0
130	104	2	6	0
133	104	2	1	0
134	104	2	2	0
136	104	2	1	0
137	104	2	2	0
139	104	2	1	0
105	107	2	2	0
105	112	2	2	0
105	123	2	2	0
105	125	2	2	0
106	111	2	1	0
106	123	2	1	0
106	125	2	1	0
106	129	2	1	0
117	107	2	2	0
133	107	2	1	0
136	107	2	1	0
139	107	2	1	0
118	108	2	2	0
109	112	2	1	0
109	123	2	1	0
109	125	2	1	0
109	129	2	1	0
109	131	2	1	0
109	132	2	1	0
109	134	2	1	0
109	137	2	1	0
110	120	2	2	0
110	124	2	2	0
133	111	2	1	0
136	111	2	1	0
139	111	2	1	0
134	112	2	2	0
137	112	2	2	0
114	113	2	2	0
128	113	2	1	0
128	114	2	1	0
116	115	2	2	0
117	124	2	2	0
117	130	2	2	0
119	123	2	2	0
119	126	2	2	0
119	127	2	2	0
120	124	2	5	0
133	121	2	1	0
136	121	2	1	0
139	121	2	1	0
122	123	2	2	0
122	126	2	2	0
122	127	2	2	0
125	123	2	6	0
126	123	2	7	0
127	123	2	6	0
128	123	2	1	0
129	123	2	4	0
134	123	2	2	0
137	123	2	2	0
130	124	2	6	0
133	124	2	1	0
136	124	2	1	0
139	124	2	1	0
129	125	2	4	0
134	125	2	2	0
137	125	2	2	0
127	126	2	6	0
128	126	2	1	0
134	129	2	2	0
137	129	2	2	0
133	130	2	1	0
136	130	2	1	0
139	130	2	1	0
134	131	2	2	0
137	131	2	2	0
133	132	2	1	0
134	132	2	2	0
135	132	2	3	0
136	132	2	1	0
137	132	2	2	0
138	132	2	3	0
139	132	2	1	0
140	132	2	3	0
133	140	2	1	0
136	140	2	1	0
139	140	2	1	0
