#src_id	dest_id	edge_type
0	5	4
0	7	4
0	11	4
0	12	4
0	14	4
0	15	4
0	19	4
0	21	4
0	23	4
0	25	4
0	29	4
0	30	4
0	34	4
0	39	4
0	43	4
0	44	4
0	47	4
0	51	4
0	53	4
0	54	4
0	56	4
0	64	4
0	68	4
0	70	4
0	71	4
0	75	4
0	77	4
0	78	4
0	82	4
0	83	4
0	88	4
0	89	4
0	90	4
0	91	4
0	95	4
0	97	4
0	98	4
0	100	4
0	101	4
0	103	4
0	109	4
0	110	4
0	112	4
0	125	4
0	132	4
0	134	4
0	135	4
0	143	4
0	147	4
0	150	4
0	154	4
0	156	4
0	162	4
0	175	4
0	177	4
0	185	4
0	187	4
0	191	4
0	193	4
0	201	4
0	203	4
0	206	4
0	212	4
0	214	4
0	216	4
0	218	4
0	220	4
0	224	4
0	226	4
1	16	4
1	30	4
1	60	4
1	61	4
1	79	4
1	81	4
1	104	4
1	134	4
1	158	4
1	162	4
1	204	4
2	10	4
2	13	4
2	15	4
2	16	4
2	18	4
2	21	4
2	32	4
2	39	4
2	40	4
2	43	4
2	49	4
2	52	4
2	57	4
2	60	4
2	61	4
2	62	4
2	63	4
2	66	4
2	68	4
2	71	4
2	76	4
2	77	4
2	78	4
2	81	4
2	82	4
2	84	4
2	87	4
2	89	4
2	90	4
2	91	4
2	93	4
2	94	4
2	95	4
2	96	4
2	97	4
2	101	4
2	106	4
2	107	4
2	108	4
2	113	4
2	115	4
2	120	4
2	124	4
2	126	4
2	132	4
2	135	4
2	144	4
2	146	4
2	147	4
2	148	4
2	150	4
2	152	4
2	154	4
2	157	4
2	158	4
2	159	4
2	164	4
2	180	4
2	185	4
2	186	4
2	192	4
2	195	4
2	202	4
2	204	4
2	206	4
2	207	4
2	216	4
2	220	4
2	222	4
2	224	4
2	225	4
3	15	4
3	39	4
3	46	4
3	63	4
3	71	4
3	77	4
3	81	4
3	90	4
3	91	4
3	101	4
3	110	4
3	132	4
3	135	4
3	150	4
3	154	4
3	185	4
3	216	4
3	220	4
3	224	4
4	7	4
4	11	4
4	15	4
4	16	4
4	21	4
4	23	4
4	25	4
4	30	4
4	44	4
4	47	4
4	54	4
4	68	4
4	70	4
4	75	4
4	77	4
4	79	4
4	82	4
4	89	4
4	98	4
4	100	4
4	101	4
4	103	4
4	104	4
4	109	4
4	132	4
4	134	4
4	143	4
4	147	4
4	156	4
4	158	4
4	162	4
4	175	4
4	177	4
4	212	4
5	16	4
5	25	4
5	30	4
5	32	4
5	39	4
5	43	4
5	52	4
5	57	4
5	60	4
5	61	4
5	62	4
5	63	4
5	66	4
5	71	4
5	75	4
5	78	4
5	81	4
5	82	4
5	84	4
5	87	4
5	90	4
5	91	4
5	93	4
5	95	4
5	96	4
5	104	4
5	106	4
5	112	4
5	126	4
5	134	4
5	135	4
5	147	4
5	150	4
5	154	4
5	158	4
5	160	4
5	162	4
5	164	4
5	202	4
5	204	4
5	212	4
5	222	4
5	224	4
6	15	4
6	77	4
6	101	4
6	132	4
7	10	4
7	11	4
7	13	4
7	16	4
7	18	4
7	21	4
7	22	4
7	26	4
7	28	4
7	30	4
7	32	4
7	34	4
7	38	4
7	39	4
7	42	4
7	43	4
7	45	4
7	46	4
7	50	4
7	52	4
7	53	4
7	55	4
7	57	4
7	58	4
7	59	4
7	60	4
7	61	4
7	62	4
7	63	4
7	66	4
7	68	4
7	71	4
7	72	4
7	74	4
7	76	4
7	78	4
7	79	4
7	81	4
7	82	4
7	83	4
7	84	4
7	87	4
7	88	4
7	90	4
7	91	4
7	93	4
7	94	4
7	95	4
7	96	4
7	97	4
7	100	4
7	102	4
7	106	4
7	107	4
7	108	4
7	110	4
7	112	4
7	113	4
7	115	4
7	120	4
7	126	4
7	131	4
7	134	4
7	135	4
7	138	4
7	144	4
7	146	4
7	147	4
7	148	4
7	150	4
7	152	4
7	154	4
7	157	4
7	158	4
7	159	4
7	160	4
7	162	4
7	164	4
7	170	4
7	171	4
7	173	4
7	174	4
7	176	4
7	180	4
7	185	4
7	186	4
7	189	4
7	190	4
7	192	4
7	197	4
7	202	4
7	204	4
7	206	4
7	207	4
7	210	4
7	212	4
7	217	4
7	220	4
7	222	4
7	224	4
7	225	4
7	228	4
8	39	4
8	66	4
8	71	4
8	79	4
8	90	4
8	91	4
8	96	4
8	104	4
8	106	4
8	135	4
8	147	4
8	150	4
8	154	4
8	158	4
8	185	4
8	189	4
8	220	4
8	224	4
9	15	4
9	21	4
9	30	4
9	60	4
9	61	4
9	77	4
9	81	4
9	87	4
9	89	4
9	101	4
9	132	4
9	134	4
9	143	4
9	162	4
9	204	4
9	212	4
10	15	4
10	23	4
10	25	4
10	30	4
10	44	4
10	47	4
10	54	4
10	77	4
10	101	4
10	103	4
10	109	4
10	132	4
10	134	4
10	143	4
10	162	4
10	175	4
10	177	4
11	15	4
11	16	4
11	18	4
11	21	4
11	30	4
11	32	4
11	35	4
11	39	4
11	44	4
11	47	4
11	50	4
11	52	4
11	57	4
11	60	4
11	61	4
11	62	4
11	63	4
11	66	4
11	67	4
11	71	4
11	75	4
11	77	4
11	81	4
11	83	4
11	87	4
11	89	4
11	90	4
11	91	4
11	94	4
11	95	4
11	96	4
11	101	4
11	104	4
11	105	4
11	106	4
11	109	4
11	112	4
11	115	4
11	120	4
11	126	4
11	132	4
11	134	4
11	135	4
11	137	4
11	146	4
11	147	4
11	148	4
11	150	4
11	154	4
11	157	4
11	158	4
11	159	4
11	160	4
11	162	4
11	172	4
11	177	4
11	178	4
11	185	4
11	186	4
11	204	4
11	207	4
11	212	4
11	213	4
11	216	4
11	217	4
11	220	4
11	224	4
11	228	4
12	13	4
12	16	4
12	18	4
12	21	4
12	26	4
12	32	4
12	39	4
12	43	4
12	46	4
12	52	4
12	57	4
12	60	4
12	61	4
12	62	4
12	63	4
12	66	4
12	68	4
12	71	4
12	76	4
12	78	4
12	79	4
12	81	4
12	82	4
12	84	4
12	87	4
12	90	4
12	91	4
12	93	4
12	94	4
12	95	4
12	96	4
12	97	4
12	106	4
12	107	4
12	108	4
12	113	4
12	115	4
12	120	4
12	126	4
12	135	4
12	144	4
12	146	4
12	147	4
12	148	4
12	150	4
12	152	4
12	154	4
12	157	4
12	158	4
12	159	4
12	164	4
12	171	4
12	173	4
12	180	4
12	185	4
12	186	4
12	192	4
12	202	4
12	204	4
12	206	4
12	207	4
12	220	4
12	222	4
12	224	4
12	225	4
13	23	4
13	30	4
13	44	4
13	47	4
13	77	4
13	101	4
13	103	4
13	109	4
13	112	4
13	132	4
13	134	4
13	150	4
13	162	4
13	175	4
13	177	4
14	16	4
14	21	4
14	32	4
14	39	4
14	52	4
14	57	4
14	60	4
14	61	4
14	62	4
14	63	4
14	66	4
14	71	4
14	77	4
14	78	4
14	81	4
14	82	4
14	84	4
14	87	4
14	89	4
14	91	4
14	93	4
14	94	4
14	95	4
14	96	4
14	101	4
14	106	4
14	113	4
14	115	4
14	120	4
14	126	4
14	132	4
14	135	4
14	147	4
14	154	4
14	158	4
14	164	4
14	204	4
14	222	4
15	16	4
15	18	4
15	21	4
15	22	4
15	25	4
15	26	4
15	28	4
15	30	4
15	32	4
15	34	4
15	35	4
15	38	4
15	39	4
15	41	4
15	42	4
15	43	4
15	45	4
15	46	4
15	48	4
15	50	4
15	52	4
15	53	4
15	55	4
15	57	4
15	58	4
15	59	4
15	60	4
15	61	4
15	62	4
15	63	4
15	66	4
15	67	4
15	68	4
15	69	4
15	71	4
15	72	4
15	74	4
15	75	4
15	76	4
15	78	4
15	79	4
15	81	4
15	82	4
15	83	4
15	84	4
15	87	4
15	88	4
15	90	4
15	91	4
15	93	4
15	94	4
15	95	4
15	96	4
15	97	4
15	98	4
15	100	4
15	102	4
15	104	4
15	105	4
15	106	4
15	107	4
15	108	4
15	110	4
15	112	4
15	113	4
15	115	4
15	118	4
15	120	4
15	121	4
15	123	4
15	126	4
15	129	4
15	130	4
15	131	4
15	134	4
15	135	4
15	136	4
15	138	4
15	140	4
15	142	4
15	144	4
15	146	4
15	147	4
15	148	4
15	150	4
15	152	4
15	154	4
15	155	4
15	157	4
15	158	4
15	159	4
15	160	4
15	162	4
15	164	4
15	166	4
15	170	4
15	171	4
15	173	4
15	174	4
15	176	4
15	179	4
15	180	4
15	182	4
15	185	4
15	186	4
15	189	4
15	190	4
15	192	4
15	194	4
15	197	4
15	198	4
15	201	4
15	202	4
15	204	4
15	206	4
15	207	4
15	210	4
15	212	4
15	214	4
15	215	4
15	217	4
15	220	4
15	222	4
15	224	4
15	225	4
15	228	4
16	19	4
16	21	4
16	23	4
16	25	4
16	27	4
16	29	4
16	30	4
16	34	4
16	39	4
16	43	4
16	44	4
16	46	4
16	47	4
16	49	4
16	51	4
16	53	4
16	54	4
16	56	4
16	63	4
16	64	4
16	68	4
16	70	4
16	71	4
16	75	4
16	77	4
16	78	4
16	81	4
16	82	4
16	83	4
16	87	4
16	88	4
16	89	4
16	90	4
16	91	4
16	95	4
16	97	4
16	98	4
16	100	4
16	101	4
16	103	4
16	109	4
16	110	4
16	112	4
16	118	4
16	125	4
16	132	4
16	134	4
16	135	4
16	137	4
16	141	4
16	143	4
16	147	4
16	150	4
16	154	4
16	156	4
16	162	4
16	168	4
16	174	4
16	175	4
16	177	4
16	185	4
16	187	4
16	191	4
16	193	4
16	195	4
16	201	4
16	203	4
16	206	4
16	210	4
16	212	4
16	214	4
16	216	4
16	218	4
16	220	4
16	222	4
16	224	4
16	226	4
16	228	4
17	158	4
18	23	4
18	25	4
18	30	4
18	44	4
18	47	4
18	54	4
18	68	4
18	77	4
18	101	4
18	103	4
18	109	4
18	132	4
18	134	4
18	143	4
18	162	4
18	175	4
18	177	4
18	212	4
18	226	4
19	21	4
19	39	4
19	52	4
19	57	4
19	60	4
19	61	4
19	62	4
19	63	4
19	66	4
19	71	4
19	81	4
19	90	4
19	91	4
19	94	4
19	96	4
19	106	4
19	115	4
19	126	4
19	135	4
19	146	4
19	147	4
19	148	4
19	150	4
19	154	4
19	157	4
19	158	4
19	159	4
19	185	4
19	186	4
19	204	4
19	207	4
19	220	4
19	224	4
21	23	4
21	25	4
21	26	4
21	29	4
21	30	4
21	32	4
21	38	4
21	39	4
21	44	4
21	46	4
21	47	4
21	49	4
21	50	4
21	52	4
21	54	4
21	56	4
21	60	4
21	61	4
21	62	4
21	63	4
21	66	4
21	68	4
21	70	4
21	71	4
21	73	4
21	76	4
21	77	4
21	79	4
21	81	4
21	82	4
21	84	4
21	87	4
21	88	4
21	90	4
21	91	4
21	93	4
21	95	4
21	96	4
21	98	4
21	101	4
21	103	4
21	104	4
21	106	4
21	107	4
21	109	4
21	112	4
21	114	4
21	119	4
21	122	4
21	126	4
21	129	4
21	131	4
21	132	4
21	134	4
21	135	4
21	136	4
21	139	4
21	141	4
21	143	4
21	147	4
21	150	4
21	154	4
21	156	4
21	158	4
21	160	4
21	162	4
21	163	4
21	164	4
21	167	4
21	168	4
21	170	4
21	172	4
21	173	4
21	175	4
21	177	4
21	179	4
21	180	4
21	185	4
21	186	4
21	189	4
21	193	4
21	195	4
21	196	4
21	199	4
21	201	4
21	202	4
21	204	4
21	206	4
21	212	4
21	220	4
21	224	4
21	226	4
22	30	4
22	44	4
22	47	4
22	77	4
22	101	4
22	109	4
22	132	4
22	134	4
22	162	4
22	175	4
22	177	4
23	26	4
23	32	4
23	34	4
23	39	4
23	43	4
23	46	4
23	50	4
23	52	4
23	57	4
23	60	4
23	61	4
23	62	4
23	63	4
23	66	4
23	68	4
23	71	4
23	72	4
23	74	4
23	78	4
23	79	4
23	81	4
23	82	4
23	84	4
23	87	4
23	90	4
23	91	4
23	93	4
23	94	4
23	95	4
23	96	4
23	97	4
23	106	4
23	107	4
23	110	4
23	113	4
23	115	4
23	120	4
23	126	4
23	131	4
23	135	4
23	138	4
23	146	4
23	147	4
23	148	4
23	150	4
23	154	4
23	157	4
23	158	4
23	159	4
23	160	4
23	164	4
23	173	4
23	174	4
23	185	4
23	186	4
23	189	4
23	190	4
23	204	4
23	206	4
23	207	4
23	217	4
23	220	4
23	222	4
23	224	4
24	30	4
24	134	4
24	162	4
25	26	4
25	32	4
25	38	4
25	39	4
25	40	4
25	42	4
25	46	4
25	50	4
25	52	4
25	53	4
25	55	4
25	57	4
25	59	4
25	60	4
25	61	4
25	62	4
25	63	4
25	66	4
25	68	4
25	71	4
25	76	4
25	77	4
25	79	4
25	81	4
25	87	4
25	89	4
25	90	4
25	91	4
25	94	4
25	95	4
25	96	4
25	101	4
25	106	4
25	107	4
25	110	4
25	115	4
25	117	4
25	120	4
25	126	4
25	132	4
25	135	4
25	144	4
25	146	4
25	147	4
25	148	4
25	150	4
25	152	4
25	154	4
25	157	4
25	158	4
25	159	4
25	160	4
25	170	4
25	173	4
25	178	4
25	180	4
25	185	4
25	186	4
25	189	4
25	190	4
25	195	4
25	197	4
25	200	4
25	202	4
25	204	4
25	206	4
25	207	4
25	210	4
25	213	4
25	216	4
25	217	4
25	220	4
25	224	4
25	225	4
26	30	4
26	39	4
26	44	4
26	47	4
26	54	4
26	63	4
26	70	4
26	75	4
26	77	4
26	81	4
26	82	4
26	87	4
26	89	4
26	91	4
26	95	4
26	101	4
26	109	4
26	132	4
26	134	4
26	135	4
26	143	4
26	147	4
26	154	4
26	162	4
26	168	4
26	174	4
26	175	4
26	177	4
26	212	4
27	71	4
27	79	4
27	90	4
27	150	4
27	158	4
28	44	4
28	47	4
28	71	4
28	77	4
28	91	4
28	101	4
28	109	4
28	132	4
28	134	4
28	135	4
28	147	4
28	156	4
28	162	4
28	177	4
29	39	4
29	43	4
29	57	4
29	60	4
29	61	4
29	79	4
29	81	4
29	83	4
29	87	4
29	93	4
29	110	4
29	112	4
29	115	4
29	134	4
29	138	4
29	150	4
29	154	4
29	158	4
29	162	4
29	164	4
29	174	4
29	204	4
29	212	4
29	220	4
29	224	4
30	32	4
30	34	4
30	36	4
30	38	4
30	39	4
30	40	4
30	42	4
30	43	4
30	45	4
30	46	4
30	49	4
30	50	4
30	52	4
30	53	4
30	55	4
30	57	4
30	58	4
30	59	4
30	60	4
30	61	4
30	62	4
30	63	4
30	66	4
30	67	4
30	68	4
30	69	4
30	71	4
30	72	4
30	73	4
30	74	4
30	76	4
30	77	4
30	78	4
30	79	4
30	80	4
30	81	4
30	82	4
30	84	4
30	87	4
30	89	4
30	90	4
30	91	4
30	93	4
30	94	4
30	95	4
30	96	4
30	97	4
30	98	4
30	101	4
30	102	4
30	104	4
30	105	4
30	106	4
30	107	4
30	108	4
30	110	4
30	111	4
30	113	4
30	115	4
30	117	4
30	120	4
30	122	4
30	124	4
30	126	4
30	129	4
30	131	4
30	132	4
30	133	4
30	135	4
30	136	4
30	138	4
30	140	4
30	142	4
30	144	4
30	146	4
30	147	4
30	148	4
30	150	4
30	152	4
30	154	4
30	155	4
30	157	4
30	158	4
30	159	4
30	160	4
30	161	4
30	164	4
30	166	4
30	170	4
30	171	4
30	173	4
30	174	4
30	176	4
30	178	4
30	180	4
30	183	4
30	185	4
30	186	4
30	189	4
30	190	4
30	192	4
30	195	4
30	197	4
30	199	4
30	200	4
30	202	4
30	204	4
30	206	4
30	207	4
30	210	4
30	211	4
30	213	4
30	216	4
30	217	4
30	220	4
30	222	4
30	224	4
30	225	4
30	227	4
31	71	4
31	147	4
31	158	4
32	39	4
32	44	4
32	47	4
32	54	4
32	57	4
32	60	4
32	61	4
32	63	4
32	75	4
32	77	4
32	81	4
32	83	4
32	89	4
32	91	4
32	101	4
32	103	4
32	109	4
32	110	4
32	112	4
32	115	4
32	132	4
32	134	4
32	135	4
32	143	4
32	150	4
32	154	4
32	162	4
32	169	4
32	175	4
32	177	4
32	193	4
32	195	4
32	204	4
32	216	4
32	220	4
32	224	4
33	71	4
33	78	4
34	39	4
34	44	4
34	47	4
34	60	4
34	61	4
34	62	4
34	63	4
34	66	4
34	73	4
34	76	4
34	77	4
34	79	4
34	81	4
34	91	4
34	96	4
34	98	4
34	101	4
34	103	4
34	104	4
34	106	4
34	107	4
34	109	4
34	112	4
34	115	4
34	126	4
34	132	4
34	134	4
34	135	4
34	147	4
34	150	4
34	154	4
34	156	4
34	158	4
34	162	4
34	175	4
34	177	4
34	202	4
34	204	4
34	224	4
35	39	4
35	43	4
35	68	4
35	71	4
35	77	4
35	78	4
35	79	4
35	89	4
35	90	4
35	101	4
35	132	4
35	150	4
35	154	4
35	158	4
35	185	4
35	195	4
35	206	4
35	220	4
35	224	4
36	60	4
36	61	4
36	81	4
36	91	4
36	134	4
36	135	4
36	147	4
36	162	4
36	204	4
37	66	4
37	71	4
37	76	4
37	79	4
37	90	4
37	91	4
37	106	4
37	135	4
37	150	4
37	154	4
37	158	4
37	185	4
37	189	4
37	220	4
37	224	4
38	44	4
38	47	4
38	54	4
38	57	4
38	60	4
38	61	4
38	62	4
38	75	4
38	77	4
38	81	4
38	82	4
38	84	4
38	87	4
38	89	4
38	95	4
38	101	4
38	109	4
38	115	4
38	126	4
38	132	4
38	134	4
38	143	4
38	147	4
38	154	4
38	162	4
38	164	4
38	177	4
38	204	4
38	212	4
39	40	4
39	43	4
39	44	4
39	46	4
39	47	4
39	49	4
39	51	4
39	52	4
39	54	4
39	56	4
39	57	4
39	60	4
39	61	4
39	62	4
39	66	4
39	68	4
39	70	4
39	71	4
39	73	4
39	75	4
39	76	4
39	77	4
39	78	4
39	79	4
39	81	4
39	82	4
39	83	4
39	84	4
39	87	4
39	88	4
39	89	4
39	90	4
39	91	4
39	93	4
39	94	4
39	97	4
39	98	4
39	100	4
39	101	4
39	103	4
39	104	4
39	106	4
39	107	4
39	108	4
39	109	4
39	112	4
39	114	4
39	115	4
39	118	4
39	120	4
39	121	4
39	123	4
39	125	4
39	126	4
39	128	4
39	131	4
39	132	4
39	134	4
39	135	4
39	137	4
39	138	4
39	140	4
39	143	4
39	145	4
39	146	4
39	147	4
39	150	4
39	151	4
39	153	4
39	156	4
39	157	4
39	158	4
39	160	4
39	162	4
39	165	4
39	166	4
39	168	4
39	169	4
39	172	4
39	173	4
39	175	4
39	177	4
39	179	4
39	181	4
39	182	4
39	184	4
39	186	4
39	188	4
39	191	4
39	192	4
39	194	4
39	197	4
39	199	4
39	201	4
39	202	4
39	204	4
39	205	4
39	207	4
39	210	4
39	212	4
39	214	4
39	215	4
39	217	4
39	219	4
39	222	4
39	223	4
39	226	4
39	227	4
40	63	4
40	66	4
40	71	4
40	75	4
40	79	4
40	81	4
40	91	4
40	93	4
40	104	4
40	106	4
40	134	4
40	135	4
40	154	4
40	158	4
40	162	4
41	77	4
41	101	4
41	132	4
41	147	4
41	150	4
42	47	4
42	54	4
42	75	4
42	77	4
42	89	4
42	101	4
42	109	4
42	112	4
42	132	4
42	134	4
42	143	4
42	150	4
42	162	4
42	177	4
42	212	4
43	47	4
43	52	4
43	60	4
43	61	4
43	62	4
43	63	4
43	66	4
43	71	4
43	73	4
43	76	4
43	77	4
43	79	4
43	81	4
43	91	4
43	96	4
43	98	4
43	101	4
43	103	4
43	104	4
43	106	4
43	107	4
43	109	4
43	110	4
43	115	4
43	117	4
43	126	4
43	132	4
43	134	4
43	135	4
43	144	4
43	147	4
43	154	4
43	156	4
43	158	4
43	159	4
43	160	4
43	162	4
43	172	4
43	175	4
43	177	4
43	180	4
43	186	4
43	190	4
43	193	4
43	202	4
43	204	4
43	207	4
43	210	4
43	217	4
44	45	4
44	46	4
44	50	4
44	52	4
44	53	4
44	55	4
44	57	4
44	58	4
44	59	4
44	60	4
44	61	4
44	62	4
44	63	4
44	66	4
44	68	4
44	71	4
44	72	4
44	74	4
44	76	4
44	78	4
44	79	4
44	81	4
44	82	4
44	84	4
44	87	4
44	90	4
44	91	4
44	93	4
44	94	4
44	95	4
44	96	4
44	97	4
44	102	4
44	106	4
44	107	4
44	108	4
44	110	4
44	113	4
44	115	4
44	120	4
44	126	4
44	131	4
44	135	4
44	138	4
44	144	4
44	146	4
44	147	4
44	148	4
44	150	4
44	152	4
44	154	4
44	157	4
44	158	4
44	159	4
44	160	4
44	164	4
44	170	4
44	171	4
44	173	4
44	174	4
44	176	4
44	180	4
44	185	4
44	186	4
44	189	4
44	190	4
44	192	4
44	197	4
44	202	4
44	204	4
44	206	4
44	207	4
44	210	4
44	217	4
44	220	4
44	222	4
44	224	4
44	225	4
45	71	4
45	77	4
45	81	4
45	90	4
45	101	4
45	103	4
45	109	4
45	112	4
45	132	4
45	134	4
45	150	4
45	162	4
45	177	4
46	54	4
46	62	4
46	66	4
46	70	4
46	75	4
46	77	4
46	82	4
46	89	4
46	91	4
46	95	4
46	96	4
46	101	4
46	104	4
46	106	4
46	109	4
46	132	4
46	134	4
46	135	4
46	138	4
46	143	4
46	147	4
46	154	4
46	158	4
46	162	4
46	164	4
46	174	4
46	175	4
46	177	4
46	199	4
46	212	4
47	50	4
47	52	4
47	53	4
47	55	4
47	57	4
47	58	4
47	59	4
47	60	4
47	61	4
47	62	4
47	63	4
47	66	4
47	68	4
47	71	4
47	72	4
47	74	4
47	76	4
47	78	4
47	79	4
47	81	4
47	82	4
47	84	4
47	87	4
47	90	4
47	91	4
47	93	4
47	94	4
47	95	4
47	96	4
47	97	4
47	102	4
47	106	4
47	107	4
47	108	4
47	110	4
47	113	4
47	115	4
47	120	4
47	126	4
47	131	4
47	135	4
47	138	4
47	144	4
47	146	4
47	147	4
47	148	4
47	150	4
47	152	4
47	154	4
47	157	4
47	158	4
47	159	4
47	160	4
47	164	4
47	170	4
47	171	4
47	173	4
47	174	4
47	176	4
47	180	4
47	185	4
47	186	4
47	189	4
47	190	4
47	192	4
47	197	4
47	202	4
47	204	4
47	206	4
47	207	4
47	210	4
47	217	4
47	220	4
47	222	4
47	224	4
47	225	4
48	77	4
48	81	4
48	87	4
48	101	4
48	132	4
48	150	4
49	66	4
49	71	4
49	75	4
49	76	4
49	79	4
49	91	4
49	96	4
49	98	4
49	100	4
49	104	4
49	106	4
49	110	4
49	134	4
49	135	4
49	140	4
49	147	4
49	154	4
49	157	4
49	158	4
49	162	4
50	54	4
50	68	4
50	71	4
50	75	4
50	77	4
50	78	4
50	89	4
50	101	4
50	103	4
50	109	4
50	132	4
50	134	4
50	143	4
50	162	4
50	175	4
50	177	4
50	201	4
50	212	4
51	60	4
51	61	4
51	62	4
51	63	4
51	66	4
51	81	4
51	91	4
51	96	4
51	106	4
51	126	4
51	135	4
51	147	4
51	150	4
51	154	4
51	158	4
51	160	4
51	186	4
51	204	4
51	220	4
51	224	4
52	56	4
52	68	4
52	75	4
52	77	4
52	83	4
52	89	4
52	101	4
52	103	4
52	109	4
52	110	4
52	112	4
52	125	4
52	132	4
52	134	4
52	143	4
52	150	4
52	154	4
52	162	4
52	175	4
52	177	4
52	191	4
52	206	4
52	212	4
52	216	4
52	220	4
52	224	4
52	226	4
53	60	4
53	61	4
53	62	4
53	66	4
53	71	4
53	77	4
53	81	4
53	84	4
53	91	4
53	93	4
53	101	4
53	104	4
53	106	4
53	109	4
53	126	4
53	132	4
53	134	4
53	135	4
53	143	4
53	147	4
53	158	4
53	162	4
53	177	4
53	204	4
54	55	4
54	57	4
54	59	4
54	60	4
54	61	4
54	62	4
54	63	4
54	66	4
54	68	4
54	71	4
54	76	4
54	79	4
54	81	4
54	87	4
54	90	4
54	91	4
54	94	4
54	95	4
54	96	4
54	106	4
54	107	4
54	110	4
54	115	4
54	120	4
54	126	4
54	135	4
54	144	4
54	146	4
54	147	4
54	148	4
54	150	4
54	152	4
54	154	4
54	157	4
54	158	4
54	159	4
54	160	4
54	170	4
54	173	4
54	180	4
54	185	4
54	186	4
54	189	4
54	190	4
54	197	4
54	202	4
54	204	4
54	206	4
54	207	4
54	210	4
54	217	4
54	220	4
54	224	4
54	225	4
55	77	4
55	101	4
55	103	4
55	109	4
55	112	4
55	132	4
55	134	4
55	143	4
55	150	4
55	162	4
55	177	4
55	212	4
56	57	4
56	60	4
56	61	4
56	62	4
56	63	4
56	66	4
56	71	4
56	76	4
56	81	4
56	91	4
56	94	4
56	96	4
56	106	4
56	107	4
56	115	4
56	126	4
56	135	4
56	144	4
56	147	4
56	148	4
56	154	4
56	157	4
56	158	4
56	159	4
56	160	4
56	180	4
56	186	4
56	197	4
56	202	4
56	204	4
56	207	4
56	217	4
57	66	4
57	68	4
57	70	4
57	71	4
57	73	4
57	76	4
57	77	4
57	79	4
57	82	4
57	83	4
57	88	4
57	90	4
57	91	4
57	95	4
57	96	4
57	98	4
57	101	4
57	103	4
57	104	4
57	106	4
57	109	4
57	110	4
57	112	4
57	114	4
57	122	4
57	124	4
57	129	4
57	131	4
57	132	4
57	134	4
57	135	4
57	143	4
57	147	4
57	150	4
57	154	4
57	156	4
57	158	4
57	162	4
57	167	4
57	175	4
57	177	4
57	179	4
57	185	4
57	189	4
57	193	4
57	199	4
57	201	4
57	206	4
57	212	4
57	216	4
57	220	4
57	224	4
57	226	4
58	75	4
58	77	4
58	89	4
58	101	4
58	109	4
58	132	4
58	134	4
58	162	4
58	177	4
59	77	4
59	101	4
59	109	4
59	132	4
59	134	4
59	143	4
59	162	4
59	177	4
60	64	4
60	66	4
60	68	4
60	70	4
60	71	4
60	73	4
60	75	4
60	76	4
60	77	4
60	78	4
60	79	4
60	82	4
60	83	4
60	85	4
60	88	4
60	89	4
60	90	4
60	91	4
60	95	4
60	96	4
60	97	4
60	98	4
60	99	4
60	100	4
60	101	4
60	103	4
60	104	4
60	106	4
60	108	4
60	109	4
60	110	4
60	112	4
60	114	4
60	116	4
60	120	4
60	122	4
60	124	4
60	125	4
60	127	4
60	129	4
60	131	4
60	132	4
60	134	4
60	135	4
60	143	4
60	145	4
60	147	4
60	150	4
60	152	4
60	154	4
60	156	4
60	158	4
60	161	4
60	162	4
60	167	4
60	170	4
60	174	4
60	175	4
60	177	4
60	179	4
60	181	4
60	182	4
60	185	4
60	187	4
60	189	4
60	191	4
60	193	4
60	195	4
60	199	4
60	201	4
60	203	4
60	205	4
60	206	4
60	208	4
60	212	4
60	214	4
60	216	4
60	218	4
60	220	4
60	222	4
60	224	4
60	226	4
60	228	4
61	64	4
61	66	4
61	68	4
61	70	4
61	71	4
61	73	4
61	75	4
61	76	4
61	77	4
61	78	4
61	79	4
61	82	4
61	83	4
61	85	4
61	88	4
61	89	4
61	90	4
61	91	4
61	95	4
61	96	4
61	97	4
61	98	4
61	99	4
61	100	4
61	101	4
61	103	4
61	104	4
61	106	4
61	108	4
61	109	4
61	110	4
61	112	4
61	114	4
61	116	4
61	120	4
61	122	4
61	124	4
61	125	4
61	127	4
61	129	4
61	131	4
61	132	4
61	134	4
61	135	4
61	143	4
61	145	4
61	147	4
61	150	4
61	152	4
61	154	4
61	156	4
61	158	4
61	161	4
61	162	4
61	167	4
61	170	4
61	174	4
61	175	4
61	177	4
61	179	4
61	181	4
61	182	4
61	185	4
61	187	4
61	189	4
61	191	4
61	193	4
61	195	4
61	199	4
61	201	4
61	203	4
61	205	4
61	206	4
61	208	4
61	212	4
61	214	4
61	216	4
61	218	4
61	220	4
61	222	4
61	224	4
61	226	4
61	228	4
62	64	4
62	66	4
62	68	4
62	71	4
62	73	4
62	75	4
62	76	4
62	77	4
62	78	4
62	79	4
62	81	4
62	83	4
62	85	4
62	87	4
62	89	4
62	90	4
62	91	4
62	97	4
62	99	4
62	101	4
62	103	4
62	104	4
62	106	4
62	108	4
62	109	4
62	110	4
62	112	4
62	118	4
62	120	4
62	122	4
62	124	4
62	125	4
62	127	4
62	129	4
62	131	4
62	132	4
62	134	4
62	135	4
62	143	4
62	145	4
62	150	4
62	154	4
62	158	4
62	161	4
62	162	4
62	167	4
62	168	4
62	172	4
62	175	4
62	177	4
62	179	4
62	182	4
62	185	4
62	187	4
62	189	4
62	191	4
62	193	4
62	199	4
62	201	4
62	203	4
62	206	4
62	212	4
62	214	4
62	216	4
62	218	4
62	220	4
62	224	4
62	226	4
63	68	4
63	70	4
63	71	4
63	75	4
63	77	4
63	78	4
63	79	4
63	82	4
63	83	4
63	89	4
63	90	4
63	94	4
63	97	4
63	98	4
63	100	4
63	101	4
63	103	4
63	104	4
63	109	4
63	112	4
63	120	4
63	125	4
63	132	4
63	134	4
63	138	4
63	143	4
63	146	4
63	147	4
63	150	4
63	156	4
63	157	4
63	158	4
63	162	4
63	175	4
63	177	4
63	181	4
63	191	4
63	199	4
63	201	4
63	212	4
63	226	4
64	81	4
64	115	4
64	126	4
64	147	4
64	158	4
64	204	4
65	91	4
65	106	4
65	135	4
65	158	4
66	68	4
66	70	4
66	71	4
66	72	4
66	74	4
66	75	4
66	77	4
66	78	4
66	81	4
66	82	4
66	83	4
66	84	4
66	87	4
66	89	4
66	90	4
66	94	4
66	95	4
66	97	4
66	98	4
66	100	4
66	101	4
66	103	4
66	105	4
66	107	4
66	109	4
66	110	4
66	112	4
66	113	4
66	115	4
66	118	4
66	121	4
66	123	4
66	125	4
66	126	4
66	128	4
66	130	4
66	132	4
66	134	4
66	137	4
66	138	4
66	141	4
66	143	4
66	144	4
66	146	4
66	147	4
66	150	4
66	151	4
66	154	4
66	156	4
66	157	4
66	160	4
66	162	4
66	164	4
66	166	4
66	168	4
66	171	4
66	174	4
66	175	4
66	177	4
66	178	4
66	183	4
66	185	4
66	187	4
66	188	4
66	191	4
66	195	4
66	201	4
66	203	4
66	204	4
66	206	4
66	207	4
66	212	4
66	216	4
66	218	4
66	220	4
66	224	4
66	226	4
66	228	4
67	77	4
67	101	4
67	103	4
67	112	4
67	132	4
67	134	4
67	143	4
67	150	4
67	162	4
67	212	4
68	71	4
68	75	4
68	77	4
68	79	4
68	81	4
68	83	4
68	84	4
68	88	4
68	89	4
68	90	4
68	91	4
68	93	4
68	94	4
68	96	4
68	100	4
68	101	4
68	103	4
68	104	4
68	105	4
68	106	4
68	109	4
68	110	4
68	112	4
68	115	4
68	117	4
68	126	4
68	132	4
68	134	4
68	135	4
68	143	4
68	144	4
68	146	4
68	147	4
68	148	4
68	150	4
68	152	4
68	154	4
68	157	4
68	158	4
68	159	4
68	160	4
68	162	4
68	169	4
68	172	4
68	175	4
68	177	4
68	178	4
68	180	4
68	185	4
68	186	4
68	195	4
68	197	4
68	200	4
68	202	4
68	204	4
68	205	4
68	207	4
68	213	4
68	216	4
68	217	4
68	220	4
68	224	4
68	225	4
68	228	4
69	77	4
69	82	4
69	101	4
69	132	4
69	134	4
69	143	4
69	147	4
69	162	4
69	212	4
70	71	4
70	79	4
70	81	4
70	90	4
70	91	4
70	94	4
70	104	4
70	106	4
70	110	4
70	115	4
70	135	4
70	146	4
70	150	4
70	154	4
70	158	4
70	185	4
70	189	4
70	204	4
70	207	4
70	220	4
70	224	4
71	73	4
71	75	4
71	76	4
71	77	4
71	79	4
71	81	4
71	82	4
71	83	4
71	84	4
71	87	4
71	88	4
71	89	4
71	91	4
71	93	4
71	95	4
71	96	4
71	98	4
71	100	4
71	101	4
71	103	4
71	104	4
71	106	4
71	107	4
71	109	4
71	110	4
71	112	4
71	114	4
71	115	4
71	118	4
71	119	4
71	122	4
71	124	4
71	125	4
71	126	4
71	129	4
71	130	4
71	132	4
71	134	4
71	135	4
71	137	4
71	138	4
71	141	4
71	143	4
71	145	4
71	147	4
71	150	4
71	151	4
71	154	4
71	156	4
71	158	4
71	160	4
71	162	4
71	163	4
71	164	4
71	166	4
71	168	4
71	169	4
71	171	4
71	174	4
71	175	4
71	177	4
71	178	4
71	181	4
71	182	4
71	184	4
71	186	4
71	188	4
71	191	4
71	193	4
71	195	4
71	196	4
71	199	4
71	200	4
71	202	4
71	204	4
71	206	4
71	208	4
71	209	4
71	212	4
71	213	4
71	216	4
71	217	4
71	220	4
71	221	4
71	224	4
71	226	4
71	227	4
72	76	4
72	77	4
72	79	4
72	91	4
72	101	4
72	103	4
72	104	4
72	106	4
72	109	4
72	112	4
72	132	4
72	134	4
72	135	4
72	150	4
72	158	4
72	162	4
72	175	4
72	177	4
73	78	4
73	81	4
73	82	4
73	83	4
73	84	4
73	87	4
73	90	4
73	94	4
73	95	4
73	97	4
73	112	4
73	113	4
73	115	4
73	126	4
73	134	4
73	138	4
73	146	4
73	147	4
73	150	4
73	154	4
73	157	4
73	160	4
73	162	4
73	164	4
73	174	4
73	185	4
73	204	4
73	207	4
73	212	4
73	220	4
73	224	4
73	228	4
74	89	4
74	91	4
74	101	4
74	104	4
74	106	4
74	109	4
74	132	4
74	134	4
74	135	4
74	158	4
74	162	4
74	175	4
74	177	4
75	79	4
75	81	4
75	82	4
75	84	4
75	87	4
75	90	4
75	91	4
75	93	4
75	95	4
75	96	4
75	101	4
75	106	4
75	107	4
75	110	4
75	115	4
75	117	4
75	122	4
75	124	4
75	126	4
75	131	4
75	132	4
75	135	4
75	144	4
75	147	4
75	150	4
75	152	4
75	154	4
75	158	4
75	159	4
75	160	4
75	164	4
75	170	4
75	173	4
75	180	4
75	185	4
75	186	4
75	189	4
75	190	4
75	195	4
75	199	4
75	202	4
75	204	4
75	206	4
75	207	4
75	210	4
75	213	4
75	216	4
75	217	4
75	220	4
75	224	4
76	78	4
76	81	4
76	82	4
76	83	4
76	84	4
76	87	4
76	89	4
76	90	4
76	94	4
76	95	4
76	97	4
76	100	4
76	101	4
76	103	4
76	105	4
76	109	4
76	110	4
76	112	4
76	113	4
76	115	4
76	126	4
76	128	4
76	132	4
76	134	4
76	137	4
76	138	4
76	141	4
76	143	4
76	146	4
76	147	4
76	150	4
76	154	4
76	157	4
76	160	4
76	162	4
76	164	4
76	174	4
76	177	4
76	178	4
76	185	4
76	204	4
76	207	4
76	212	4
76	216	4
76	220	4
76	224	4
76	228	4
77	78	4
77	79	4
77	81	4
77	82	4
77	83	4
77	84	4
77	87	4
77	88	4
77	90	4
77	91	4
77	93	4
77	94	4
77	95	4
77	96	4
77	97	4
77	98	4
77	100	4
77	102	4
77	104	4
77	105	4
77	106	4
77	107	4
77	108	4
77	110	4
77	112	4
77	113	4
77	115	4
77	118	4
77	120	4
77	121	4
77	123	4
77	126	4
77	129	4
77	130	4
77	131	4
77	134	4
77	135	4
77	136	4
77	138	4
77	140	4
77	142	4
77	144	4
77	146	4
77	147	4
77	148	4
77	150	4
77	152	4
77	154	4
77	155	4
77	157	4
77	158	4
77	159	4
77	160	4
77	162	4
77	164	4
77	166	4
77	170	4
77	171	4
77	173	4
77	174	4
77	176	4
77	179	4
77	180	4
77	182	4
77	185	4
77	186	4
77	189	4
77	190	4
77	192	4
77	194	4
77	197	4
77	198	4
77	201	4
77	202	4
77	204	4
77	206	4
77	207	4
77	210	4
77	212	4
77	214	4
77	215	4
77	217	4
77	220	4
77	222	4
77	224	4
77	225	4
77	228	4
78	81	4
78	83	4
78	91	4
78	96	4
78	98	4
78	101	4
78	103	4
78	104	4
78	106	4
78	107	4
78	109	4
78	110	4
78	112	4
78	114	4
78	115	4
78	126	4
78	129	4
78	132	4
78	134	4
78	135	4
78	147	4
78	150	4
78	154	4
78	156	4
78	158	4
78	160	4
78	162	4
78	163	4
78	175	4
78	177	4
78	186	4
78	193	4
78	195	4
78	202	4
78	204	4
78	213	4
78	216	4
78	217	4
78	220	4
78	221	4
78	224	4
79	81	4
79	82	4
79	83	4
79	84	4
79	87	4
79	89	4
79	90	4
79	91	4
79	94	4
79	95	4
79	97	4
79	101	4
79	102	4
79	105	4
79	107	4
79	109	4
79	112	4
79	113	4
79	115	4
79	118	4
79	125	4
79	126	4
79	128	4
79	132	4
79	134	4
79	135	4
79	137	4
79	138	4
79	143	4
79	144	4
79	146	4
79	147	4
79	150	4
79	154	4
79	156	4
79	157	4
79	159	4
79	160	4
79	162	4
79	164	4
79	166	4
79	168	4
79	169	4
79	174	4
79	175	4
79	177	4
79	178	4
79	180	4
79	185	4
79	188	4
79	191	4
79	195	4
79	204	4
79	206	4
79	207	4
79	212	4
79	216	4
79	220	4
79	222	4
79	224	4
79	228	4
80	87	4
80	112	4
80	134	4
80	147	4
80	150	4
80	162	4
80	212	4
81	85	4
81	86	4
81	88	4
81	89	4
81	90	4
81	91	4
81	92	4
81	94	4
81	95	4
81	96	4
81	97	4
81	98	4
81	99	4
81	100	4
81	101	4
81	103	4
81	104	4
81	106	4
81	108	4
81	109	4
81	110	4
81	112	4
81	114	4
81	116	4
81	117	4
81	120	4
81	122	4
81	124	4
81	125	4
81	127	4
81	129	4
81	131	4
81	132	4
81	134	4
81	135	4
81	136	4
81	138	4
81	140	4
81	143	4
81	145	4
81	146	4
81	147	4
81	150	4
81	152	4
81	154	4
81	156	4
81	157	4
81	158	4
81	161	4
81	162	4
81	163	4
81	164	4
81	167	4
81	170	4
81	171	4
81	174	4
81	175	4
81	177	4
81	179	4
81	181	4
81	182	4
81	185	4
81	187	4
81	189	4
81	191	4
81	193	4
81	195	4
81	196	4
81	199	4
81	201	4
81	203	4
81	205	4
81	206	4
81	208	4
81	209	4
81	212	4
81	214	4
81	216	4
81	218	4
81	220	4
81	222	4
81	224	4
81	226	4
81	228	4
82	89	4
82	90	4
82	91	4
82	94	4
82	101	4
82	103	4
82	104	4
82	106	4
82	109	4
82	110	4
82	112	4
82	115	4
82	129	4
82	132	4
82	134	4
82	135	4
82	146	4
82	150	4
82	154	4
82	158	4
82	162	4
82	172	4
82	175	4
82	177	4
82	180	4
82	182	4
82	185	4
82	189	4
82	193	4
82	195	4
82	204	4
82	207	4
82	216	4
82	220	4
82	221	4
82	224	4
83	84	4
83	87	4
83	89	4
83	91	4
83	93	4
83	95	4
83	96	4
83	98	4
83	101	4
83	104	4
83	106	4
83	107	4
83	126	4
83	132	4
83	135	4
83	147	4
83	154	4
83	158	4
83	164	4
83	180	4
83	186	4
83	202	4
83	204	4
83	222	4
84	89	4
84	90	4
84	91	4
84	101	4
84	103	4
84	104	4
84	106	4
84	109	4
84	110	4
84	112	4
84	120	4
84	129	4
84	132	4
84	134	4
84	135	4
84	150	4
84	154	4
84	158	4
84	162	4
84	175	4
84	177	4
84	182	4
84	185	4
84	189	4
84	191	4
84	193	4
84	206	4
84	212	4
84	216	4
84	220	4
84	224	4
85	126	4
85	147	4
85	204	4
87	88	4
87	89	4
87	90	4
87	91	4
87	94	4
87	96	4
87	98	4
87	100	4
87	101	4
87	103	4
87	104	4
87	106	4
87	109	4
87	110	4
87	112	4
87	114	4
87	117	4
87	129	4
87	132	4
87	134	4
87	135	4
87	136	4
87	140	4
87	143	4
87	146	4
87	147	4
87	150	4
87	152	4
87	154	4
87	156	4
87	157	4
87	158	4
87	162	4
87	163	4
87	175	4
87	177	4
87	182	4
87	185	4
87	189	4
87	193	4
87	195	4
87	205	4
87	216	4
87	220	4
87	224	4
87	228	4
88	90	4
88	94	4
88	101	4
88	104	4
88	115	4
88	120	4
88	132	4
88	146	4
88	150	4
88	154	4
88	158	4
88	185	4
88	195	4
88	204	4
88	206	4
88	207	4
88	216	4
88	220	4
88	224	4
89	90	4
89	91	4
89	93	4
89	95	4
89	96	4
89	98	4
89	104	4
89	106	4
89	107	4
89	110	4
89	112	4
89	115	4
89	126	4
89	129	4
89	131	4
89	134	4
89	135	4
89	136	4
89	144	4
89	147	4
89	150	4
89	152	4
89	154	4
89	158	4
89	159	4
89	160	4
89	162	4
89	164	4
89	170	4
89	173	4
89	179	4
89	180	4
89	185	4
89	186	4
89	189	4
89	190	4
89	201	4
89	202	4
89	204	4
89	206	4
89	207	4
89	210	4
89	212	4
89	217	4
89	220	4
89	224	4
89	228	4
90	93	4
90	95	4
90	96	4
90	98	4
90	100	4
90	101	4
90	103	4
90	104	4
90	106	4
90	107	4
90	109	4
90	110	4
90	115	4
90	126	4
90	130	4
90	132	4
90	134	4
90	135	4
90	137	4
90	138	4
90	143	4
90	147	4
90	151	4
90	154	4
90	156	4
90	158	4
90	160	4
90	162	4
90	164	4
90	168	4
90	174	4
90	175	4
90	177	4
90	184	4
90	186	4
90	188	4
90	193	4
90	199	4
90	202	4
90	204	4
90	212	4
90	217	4
90	226	4
90	227	4
91	93	4
91	94	4
91	95	4
91	97	4
91	98	4
91	100	4
91	101	4
91	103	4
91	104	4
91	105	4
91	107	4
91	109	4
91	110	4
91	112	4
91	113	4
91	115	4
91	118	4
91	120	4
91	121	4
91	123	4
91	125	4
91	126	4
91	128	4
91	130	4
91	132	4
91	134	4
91	137	4
91	138	4
91	141	4
91	143	4
91	144	4
91	146	4
91	147	4
91	150	4
91	151	4
91	154	4
91	156	4
91	157	4
91	158	4
91	160	4
91	162	4
91	164	4
91	166	4
91	168	4
91	170	4
91	171	4
91	174	4
91	175	4
91	177	4
91	178	4
91	181	4
91	183	4
91	185	4
91	187	4
91	188	4
91	191	4
91	192	4
91	195	4
91	197	4
91	199	4
91	201	4
91	203	4
91	204	4
91	206	4
91	207	4
91	209	4
91	212	4
91	213	4
91	216	4
91	218	4
91	220	4
91	221	4
91	224	4
91	226	4
91	228	4
92	158	4
93	95	4
93	98	4
93	100	4
93	101	4
93	103	4
93	109	4
93	110	4
93	112	4
93	132	4
93	134	4
93	135	4
93	146	4
93	147	4
93	150	4
93	154	4
93	156	4
93	157	4
93	162	4
93	175	4
93	177	4
93	185	4
93	191	4
93	193	4
93	206	4
93	212	4
93	216	4
93	220	4
93	224	4
94	96	4
94	98	4
94	101	4
94	103	4
94	104	4
94	106	4
94	109	4
94	112	4
94	114	4
94	122	4
94	129	4
94	132	4
94	134	4
94	135	4
94	143	4
94	147	4
94	150	4
94	154	4
94	156	4
94	158	4
94	162	4
94	168	4
94	175	4
94	177	4
94	193	4
94	199	4
94	206	4
94	212	4
94	220	4
94	224	4
94	226	4
95	101	4
95	103	4
95	104	4
95	106	4
95	109	4
95	112	4
95	115	4
95	132	4
95	134	4
95	135	4
95	143	4
95	146	4
95	150	4
95	158	4
95	162	4
95	169	4
95	172	4
95	175	4
95	177	4
95	182	4
95	204	4
95	207	4
96	101	4
96	103	4
96	109	4
96	112	4
96	115	4
96	118	4
96	125	4
96	132	4
96	134	4
96	138	4
96	143	4
96	146	4
96	150	4
96	151	4
96	162	4
96	168	4
96	175	4
96	177	4
96	191	4
96	201	4
96	204	4
96	207	4
96	212	4
96	226	4
97	98	4
97	101	4
97	103	4
97	104	4
97	106	4
97	107	4
97	109	4
97	126	4
97	132	4
97	134	4
97	135	4
97	147	4
97	154	4
97	156	4
97	158	4
97	160	4
97	162	4
97	175	4
97	177	4
97	193	4
97	202	4
97	204	4
98	101	4
98	106	4
98	112	4
98	113	4
98	115	4
98	120	4
98	122	4
98	124	4
98	131	4
98	132	4
98	134	4
98	135	4
98	138	4
98	143	4
98	146	4
98	150	4
98	154	4
98	158	4
98	162	4
98	164	4
98	174	4
98	185	4
98	199	4
98	204	4
98	207	4
98	212	4
98	216	4
98	220	4
98	224	4
99	107	4
99	115	4
99	126	4
99	147	4
99	204	4
100	104	4
100	106	4
100	115	4
100	122	4
100	124	4
100	131	4
100	132	4
100	135	4
100	150	4
100	154	4
100	158	4
100	164	4
100	180	4
100	185	4
100	195	4
100	199	4
100	204	4
100	206	4
100	207	4
100	216	4
100	220	4
100	224	4
101	102	4
101	104	4
101	105	4
101	106	4
101	107	4
101	108	4
101	110	4
101	112	4
101	113	4
101	115	4
101	118	4
101	120	4
101	121	4
101	123	4
101	126	4
101	129	4
101	130	4
101	131	4
101	134	4
101	135	4
101	136	4
101	138	4
101	140	4
101	142	4
101	144	4
101	146	4
101	147	4
101	148	4
101	150	4
101	152	4
101	154	4
101	155	4
101	157	4
101	158	4
101	159	4
101	160	4
101	162	4
101	164	4
101	166	4
101	170	4
101	171	4
101	173	4
101	174	4
101	176	4
101	179	4
101	180	4
101	182	4
101	185	4
101	186	4
101	189	4
101	190	4
101	192	4
101	194	4
101	197	4
101	198	4
101	201	4
101	202	4
101	204	4
101	206	4
101	207	4
101	210	4
101	212	4
101	214	4
101	215	4
101	217	4
101	220	4
101	222	4
101	224	4
101	225	4
101	228	4
102	109	4
102	132	4
102	134	4
102	158	4
102	162	4
102	177	4
103	105	4
103	106	4
103	107	4
103	108	4
103	113	4
103	115	4
103	120	4
103	126	4
103	131	4
103	135	4
103	138	4
103	140	4
103	144	4
103	146	4
103	147	4
103	148	4
103	150	4
103	152	4
103	154	4
103	157	4
103	158	4
103	159	4
103	160	4
103	164	4
103	166	4
103	174	4
103	180	4
103	185	4
103	186	4
103	192	4
103	197	4
103	202	4
103	204	4
103	206	4
103	207	4
103	217	4
103	220	4
103	222	4
103	224	4
103	225	4
104	107	4
104	110	4
104	112	4
104	113	4
104	115	4
104	125	4
104	126	4
104	128	4
104	132	4
104	134	4
104	135	4
104	137	4
104	138	4
104	141	4
104	143	4
104	144	4
104	146	4
104	147	4
104	150	4
104	154	4
104	156	4
104	157	4
104	159	4
104	160	4
104	162	4
104	164	4
104	171	4
104	174	4
104	178	4
104	180	4
104	183	4
104	185	4
104	195	4
104	204	4
104	206	4
104	207	4
104	210	4
104	212	4
104	216	4
104	220	4
104	222	4
104	224	4
104	228	4
105	112	4
105	132	4
105	134	4
105	135	4
105	143	4
105	150	4
105	158	4
105	162	4
105	199	4
105	212	4
106	107	4
106	109	4
106	110	4
106	112	4
106	113	4
106	115	4
106	118	4
106	121	4
106	123	4
106	125	4
106	126	4
106	128	4
106	130	4
106	132	4
106	134	4
106	137	4
106	138	4
106	141	4
106	143	4
106	144	4
106	146	4
106	147	4
106	150	4
106	151	4
106	154	4
106	156	4
106	157	4
106	160	4
106	162	4
106	164	4
106	166	4
106	168	4
106	171	4
106	174	4
106	175	4
106	177	4
106	178	4
106	183	4
106	185	4
106	187	4
106	188	4
106	191	4
106	195	4
106	201	4
106	203	4
106	204	4
106	206	4
106	207	4
106	212	4
106	216	4
106	218	4
106	220	4
106	224	4
106	226	4
106	228	4
107	112	4
107	120	4
107	122	4
107	124	4
107	125	4
107	131	4
107	132	4
107	134	4
107	135	4
107	143	4
107	150	4
107	154	4
107	158	4
107	162	4
107	167	4
107	175	4
107	177	4
107	185	4
107	191	4
107	199	4
107	212	4
107	216	4
107	220	4
107	224	4
108	115	4
108	126	4
108	132	4
108	134	4
108	147	4
108	154	4
108	156	4
108	160	4
108	162	4
108	177	4
108	204	4
109	113	4
109	115	4
109	120	4
109	126	4
109	131	4
109	135	4
109	138	4
109	144	4
109	146	4
109	147	4
109	148	4
109	150	4
109	152	4
109	154	4
109	157	4
109	158	4
109	159	4
109	160	4
109	164	4
109	170	4
109	171	4
109	173	4
109	174	4
109	176	4
109	180	4
109	185	4
109	186	4
109	189	4
109	190	4
109	192	4
109	197	4
109	202	4
109	204	4
109	206	4
109	207	4
109	210	4
109	217	4
109	220	4
109	222	4
109	224	4
109	225	4
110	112	4
110	118	4
110	125	4
110	126	4
110	132	4
110	134	4
110	135	4
110	143	4
110	147	4
110	150	4
110	156	4
110	158	4
110	162	4
110	175	4
110	177	4
110	186	4
110	191	4
110	202	4
110	204	4
110	212	4
110	222	4
111	134	4
111	150	4
111	162	4
112	113	4
112	115	4
112	117	4
112	120	4
112	126	4
112	132	4
112	135	4
112	138	4
112	140	4
112	144	4
112	147	4
112	148	4
112	154	4
112	157	4
112	158	4
112	159	4
112	160	4
112	164	4
112	170	4
112	174	4
112	180	4
112	186	4
112	190	4
112	197	4
112	199	4
112	202	4
112	204	4
112	207	4
112	210	4
112	217	4
112	222	4
112	227	4
113	132	4
113	134	4
113	135	4
113	147	4
113	150	4
113	156	4
113	158	4
113	162	4
113	175	4
113	177	4
114	115	4
114	154	4
114	164	4
114	204	4
115	122	4
115	125	4
115	129	4
115	131	4
115	132	4
115	134	4
115	135	4
115	143	4
115	145	4
115	147	4
115	150	4
115	154	4
115	156	4
115	158	4
115	162	4
115	167	4
115	175	4
115	177	4
115	179	4
115	182	4
115	185	4
115	189	4
115	191	4
115	193	4
115	199	4
115	201	4
115	206	4
115	212	4
115	214	4
115	218	4
115	220	4
115	224	4
115	226	4
116	204	4
117	134	4
117	150	4
117	162	4
117	212	4
118	132	4
118	135	4
118	147	4
118	154	4
118	158	4
119	158	4
120	126	4
120	132	4
120	134	4
120	135	4
120	143	4
120	147	4
120	150	4
120	154	4
120	156	4
120	160	4
120	162	4
120	163	4
120	175	4
120	177	4
120	193	4
120	195	4
120	204	4
120	220	4
120	224	4
121	132	4
121	135	4
121	150	4
121	154	4
121	158	4
121	199	4
121	220	4
121	224	4
122	126	4
122	134	4
122	147	4
122	162	4
122	204	4
123	132	4
123	135	4
123	150	4
123	154	4
123	158	4
123	224	4
124	126	4
124	134	4
124	147	4
124	160	4
124	162	4
124	204	4
125	126	4
125	135	4
125	147	4
125	154	4
125	158	4
125	159	4
125	160	4
125	186	4
125	190	4
125	204	4
125	207	4
125	217	4
126	129	4
126	131	4
126	132	4
126	134	4
126	135	4
126	143	4
126	145	4
126	150	4
126	154	4
126	158	4
126	161	4
126	162	4
126	167	4
126	175	4
126	177	4
126	179	4
126	182	4
126	185	4
126	187	4
126	189	4
126	191	4
126	193	4
126	199	4
126	201	4
126	203	4
126	206	4
126	212	4
126	214	4
126	216	4
126	218	4
126	220	4
126	224	4
126	226	4
127	147	4
127	204	4
128	135	4
128	150	4
128	154	4
128	158	4
128	224	4
129	132	4
129	134	4
129	137	4
129	143	4
129	147	4
129	157	4
129	162	4
129	204	4
129	207	4
129	212	4
130	135	4
130	150	4
130	158	4
130	199	4
131	134	4
131	147	4
131	154	4
131	156	4
131	162	4
131	175	4
131	177	4
131	204	4
132	134	4
132	135	4
132	136	4
132	138	4
132	140	4
132	142	4
132	144	4
132	146	4
132	147	4
132	148	4
132	150	4
132	152	4
132	154	4
132	155	4
132	157	4
132	158	4
132	159	4
132	160	4
132	162	4
132	164	4
132	166	4
132	170	4
132	171	4
132	173	4
132	174	4
132	176	4
132	179	4
132	180	4
132	182	4
132	185	4
132	186	4
132	189	4
132	190	4
132	192	4
132	194	4
132	197	4
132	198	4
132	201	4
132	202	4
132	204	4
132	206	4
132	207	4
132	210	4
132	212	4
132	214	4
132	215	4
132	217	4
132	220	4
132	222	4
132	224	4
132	225	4
132	228	4
133	162	4
134	135	4
134	136	4
134	138	4
134	140	4
134	142	4
134	144	4
134	146	4
134	147	4
134	148	4
134	150	4
134	152	4
134	154	4
134	155	4
134	157	4
134	158	4
134	159	4
134	160	4
134	161	4
134	164	4
134	166	4
134	170	4
134	171	4
134	173	4
134	174	4
134	176	4
134	178	4
134	180	4
134	183	4
134	185	4
134	186	4
134	189	4
134	190	4
134	192	4
134	195	4
134	197	4
134	199	4
134	200	4
134	202	4
134	204	4
134	206	4
134	207	4
134	210	4
134	211	4
134	213	4
134	216	4
134	217	4
134	220	4
134	222	4
134	224	4
134	225	4
134	227	4
135	137	4
135	138	4
135	141	4
135	143	4
135	144	4
135	146	4
135	147	4
135	150	4
135	151	4
135	154	4
135	156	4
135	157	4
135	158	4
135	160	4
135	162	4
135	164	4
135	166	4
135	168	4
135	170	4
135	171	4
135	174	4
135	175	4
135	177	4
135	178	4
135	181	4
135	183	4
135	185	4
135	187	4
135	188	4
135	191	4
135	192	4
135	195	4
135	197	4
135	199	4
135	201	4
135	203	4
135	204	4
135	206	4
135	207	4
135	209	4
135	212	4
135	213	4
135	216	4
135	218	4
135	220	4
135	221	4
135	224	4
135	226	4
135	228	4
136	147	4
136	162	4
136	212	4
137	150	4
137	154	4
137	158	4
137	224	4
138	147	4
138	150	4
138	154	4
138	156	4
138	158	4
138	162	4
138	175	4
138	177	4
138	185	4
138	195	4
138	220	4
138	224	4
140	143	4
140	150	4
140	154	4
140	162	4
140	212	4
140	224	4
141	147	4
141	157	4
141	158	4
142	162	4
143	144	4
143	146	4
143	147	4
143	148	4
143	150	4
143	152	4
143	154	4
143	157	4
143	158	4
143	159	4
143	160	4
143	166	4
143	170	4
143	173	4
143	180	4
143	185	4
143	186	4
143	189	4
143	190	4
143	197	4
143	202	4
143	204	4
143	206	4
143	207	4
143	210	4
143	217	4
143	220	4
143	224	4
143	225	4
144	150	4
144	158	4
144	162	4
144	177	4
144	199	4
144	212	4
144	226	4
145	147	4
145	154	4
145	204	4
145	207	4
146	154	4
146	156	4
146	158	4
146	162	4
146	168	4
146	175	4
146	177	4
146	193	4
146	199	4
146	212	4
146	226	4
147	150	4
147	151	4
147	154	4
147	155	4
147	158	4
147	161	4
147	162	4
147	164	4
147	167	4
147	168	4
147	169	4
147	172	4
147	174	4
147	175	4
147	177	4
147	179	4
147	180	4
147	182	4
147	183	4
147	185	4
147	187	4
147	189	4
147	191	4
147	193	4
147	195	4
147	196	4
147	199	4
147	201	4
147	203	4
147	204	4
147	206	4
147	207	4
147	209	4
147	212	4
147	214	4
147	216	4
147	218	4
147	220	4
147	221	4
147	224	4
147	226	4
147	227	4
148	150	4
148	162	4
148	175	4
148	177	4
148	212	4
148	226	4
150	151	4
150	154	4
150	156	4
150	157	4
150	158	4
150	159	4
150	160	4
150	162	4
150	164	4
150	167	4
150	168	4
150	170	4
150	172	4
150	174	4
150	175	4
150	177	4
150	179	4
150	180	4
150	184	4
150	186	4
150	188	4
150	190	4
150	193	4
150	194	4
150	197	4
150	199	4
150	201	4
150	202	4
150	204	4
150	205	4
150	207	4
150	210	4
150	212	4
150	214	4
150	215	4
150	217	4
150	219	4
150	222	4
150	223	4
150	226	4
150	227	4
151	154	4
151	158	4
151	185	4
151	220	4
151	224	4
152	162	4
152	177	4
152	204	4
152	212	4
152	226	4
154	156	4
154	157	4
154	158	4
154	160	4
154	162	4
154	165	4
154	166	4
154	168	4
154	169	4
154	172	4
154	173	4
154	175	4
154	177	4
154	179	4
154	181	4
154	182	4
154	184	4
154	186	4
154	188	4
154	191	4
154	192	4
154	194	4
154	197	4
154	199	4
154	201	4
154	202	4
154	204	4
154	205	4
154	207	4
154	210	4
154	212	4
154	214	4
154	215	4
154	217	4
154	219	4
154	222	4
154	223	4
154	226	4
154	227	4
155	162	4
156	158	4
156	164	4
156	174	4
156	180	4
156	185	4
156	204	4
156	207	4
156	220	4
156	224	4
157	162	4
157	168	4
157	175	4
157	177	4
157	193	4
157	199	4
157	206	4
157	212	4
157	224	4
157	226	4
158	159	4
158	160	4
158	162	4
158	163	4
158	164	4
158	166	4
158	168	4
158	169	4
158	171	4
158	174	4
158	175	4
158	177	4
158	178	4
158	180	4
158	183	4
158	185	4
158	187	4
158	188	4
158	191	4
158	193	4
158	195	4
158	196	4
158	198	4
158	201	4
158	203	4
158	204	4
158	206	4
158	207	4
158	210	4
158	212	4
158	214	4
158	216	4
158	218	4
158	220	4
158	222	4
158	224	4
158	226	4
158	228	4
159	162	4
159	175	4
159	177	4
159	191	4
159	199	4
159	212	4
159	226	4
160	175	4
160	177	4
160	179	4
160	185	4
160	191	4
160	201	4
160	206	4
160	212	4
160	214	4
160	216	4
160	218	4
160	220	4
160	224	4
161	204	4
162	164	4
162	166	4
162	170	4
162	171	4
162	173	4
162	174	4
162	176	4
162	178	4
162	180	4
162	183	4
162	185	4
162	186	4
162	189	4
162	190	4
162	192	4
162	195	4
162	197	4
162	199	4
162	200	4
162	202	4
162	204	4
162	206	4
162	207	4
162	210	4
162	211	4
162	213	4
162	216	4
162	217	4
162	220	4
162	222	4
162	224	4
162	225	4
162	227	4
164	172	4
164	175	4
164	177	4
164	182	4
164	197	4
164	210	4
166	199	4
166	212	4
167	204	4
168	185	4
168	220	4
168	224	4
170	177	4
170	204	4
171	177	4
172	206	4
172	224	4
173	177	4
173	212	4
174	177	4
174	204	4
175	185	4
175	186	4
175	189	4
175	190	4
175	204	4
175	206	4
175	207	4
175	217	4
175	220	4
175	222	4
175	224	4
177	180	4
177	185	4
177	186	4
177	189	4
177	190	4
177	192	4
177	197	4
177	202	4
177	204	4
177	206	4
177	207	4
177	210	4
177	217	4
177	220	4
177	222	4
177	224	4
177	225	4
178	201	4
178	212	4
179	204	4
179	216	4
179	220	4
179	224	4
180	199	4
180	212	4
180	226	4
181	204	4
182	204	4
184	220	4
184	224	4
185	188	4
185	199	4
185	202	4
185	204	4
185	212	4
185	217	4
185	226	4
185	227	4
186	191	4
186	201	4
186	206	4
186	212	4
186	224	4
186	226	4
187	204	4
188	220	4
188	224	4
189	204	4
189	212	4
190	212	4
191	204	4
191	207	4
191	217	4
193	204	4
193	207	4
194	220	4
194	224	4
195	201	4
195	204	4
195	212	4
197	206	4
197	212	4
197	220	4
197	224	4
199	204	4
199	207	4
199	220	4
199	224	4
199	228	4
200	212	4
201	202	4
201	204	4
201	213	4
201	216	4
201	217	4
201	220	4
201	224	4
202	206	4
202	212	4
202	216	4
202	220	4
202	224	4
202	226	4
203	204	4
204	208	4
204	212	4
204	214	4
204	216	4
204	218	4
204	220	4
204	222	4
204	224	4
204	226	4
204	228	4
205	224	4
206	207	4
206	217	4
207	212	4
207	224	4
207	226	4
210	212	4
210	220	4
210	224	4
212	213	4
212	216	4
212	217	4
212	220	4
212	224	4
212	225	4
214	216	4
214	220	4
214	224	4
215	220	4
215	224	4
216	222	4
217	220	4
217	224	4
219	224	4
220	222	4
220	226	4
220	227	4
222	224	4
224	226	4
224	227	4
