#src_id	dest_id	edge_type	number_common_taxa	percent_common_taxa
0	6	2	4	0
0	10	2	4	0
0	13	2	4	0
16	0	2	2	0
0	18	2	4	0
0	20	2	4	0
0	22	2	4	0
0	24	2	4	0
0	28	2	4	0
0	33	2	4	0
0	42	2	4	0
0	50	2	4	0
0	52	2	4	0
0	55	2	4	0
0	58	2	4	0
0	59	2	4	0
60	0	2	2	0
61	0	2	2	0
0	67	2	4	0
0	69	2	4	0
81	0	2	1	0
0	111	2	4	0
0	133	2	4	0
0	142	2	4	0
0	149	2	4	0
0	153	2	4	0
0	155	2	4	0
158	0	2	1	0
0	176	2	4	0
0	184	2	4	0
0	186	2	4	0
0	190	2	4	0
0	192	2	4	0
0	200	2	4	0
0	202	2	4	0
204	0	2	2	0
0	211	2	4	0
0	213	2	4	0
0	215	2	4	0
0	217	2	4	0
0	219	2	4	0
0	223	2	4	0
0	225	2	4	0
15	1	2	1	0
1	17	2	13	0
21	1	2	2	0
39	1	2	1	0
43	1	2	4	0
68	1	2	2	0
71	1	2	1	0
77	1	2	1	0
78	1	2	4	0
82	1	2	3	0
89	1	2	2	0
90	1	2	2	0
91	1	2	1	0
95	1	2	3	0
97	1	2	7	0
101	1	2	1	0
132	1	2	1	0
1	133	2	13	0
135	1	2	1	0
147	1	2	1	0
150	1	2	1	0
154	1	2	1	0
185	1	2	4	0
206	1	2	4	0
216	1	2	5	0
220	1	2	3	0
224	1	2	2	0
2	14	2	4	0
2	17	2	4	0
2	19	2	4	0
2	20	2	4	0
30	2	2	1	0
2	31	2	4	0
2	41	2	4	0
2	48	2	4	0
2	64	2	4	0
2	65	2	4	0
2	85	2	4	0
2	86	2	4	0
2	92	2	4	0
2	114	2	4	0
2	116	2	4	0
2	119	2	4	0
2	123	2	4	0
2	127	2	4	0
134	2	2	1	0
2	145	2	4	0
2	149	2	4	0
2	151	2	4	0
2	153	2	4	0
162	2	2	1	0
2	163	2	4	0
2	165	2	4	0
2	181	2	4	0
2	182	2	4	0
2	184	2	4	0
2	187	2	4	0
2	193	2	4	0
2	194	2	4	0
2	203	2	4	0
2	205	2	4	0
2	208	2	4	0
2	215	2	4	0
2	219	2	4	0
2	221	2	4	0
2	223	2	4	0
2	226	2	4	0
16	3	2	2	0
25	3	2	3	0
30	3	2	1	0
75	3	2	3	0
82	3	2	3	0
104	3	2	2	0
134	3	2	1	0
147	3	2	1	0
3	149	2	9	0
3	153	2	9	0
158	3	2	1	0
162	3	2	1	0
3	184	2	9	0
212	3	2	2	0
3	215	2	9	0
3	219	2	9	0
3	223	2	9	0
4	6	2	7	0
4	17	2	7	0
4	20	2	7	0
4	22	2	7	0
4	24	2	7	0
39	4	2	1	0
4	58	2	7	0
4	59	2	7	0
63	4	2	3	0
4	69	2	7	0
71	4	2	1	0
81	4	2	1	0
90	4	2	2	0
91	4	2	1	0
4	102	2	7	0
4	133	2	7	0
135	4	2	1	0
4	142	2	7	0
150	4	2	1	0
154	4	2	1	0
4	155	2	7	0
4	176	2	7	0
4	211	2	7	0
224	4	2	2	0
15	5	2	1	0
5	17	2	5	0
5	24	2	5	0
5	31	2	5	0
5	65	2	5	0
77	5	2	1	0
5	85	2	5	0
5	86	2	5	0
5	92	2	5	0
101	5	2	1	0
5	111	2	5	0
5	127	2	5	0
132	5	2	1	0
5	133	2	5	0
5	149	2	5	0
5	153	2	5	0
5	161	2	5	0
5	165	2	5	0
5	183	2	5	0
5	203	2	5	0
5	211	2	5	0
5	221	2	5	0
5	223	2	5	0
10	6	2	13	0
11	6	2	4	0
13	6	2	12	0
16	6	2	2	0
18	6	2	12	0
21	6	2	2	0
22	6	2	17	0
26	6	2	7	0
28	6	2	14	0
30	6	2	1	0
32	6	2	4	0
34	6	2	6	0
38	6	2	9	0
39	6	2	1	0
42	6	2	14	0
43	6	2	4	0
45	6	2	13	0
46	6	2	5	0
50	6	2	10	0
52	6	2	7	0
53	6	2	10	0
55	6	2	14	0
57	6	2	4	0
58	6	2	17	0
59	6	2	17	0
60	6	2	2	0
61	6	2	2	0
62	6	2	3	0
63	6	2	3	0
66	6	2	2	0
68	6	2	2	0
71	6	2	1	0
72	6	2	12	0
74	6	2	13	0
76	6	2	4	0
78	6	2	4	0
79	6	2	2	0
81	6	2	1	0
82	6	2	3	0
83	6	2	4	0
84	6	2	5	0
87	6	2	2	0
88	6	2	5	0
90	6	2	2	0
91	6	2	1	0
93	6	2	4	0
94	6	2	5	0
95	6	2	3	0
96	6	2	4	0
97	6	2	7	0
100	6	2	4	0
102	6	2	16	0
106	6	2	2	0
107	6	2	5	0
108	6	2	9	0
110	6	2	4	0
112	6	2	2	0
113	6	2	9	0
115	6	2	4	0
120	6	2	5	0
126	6	2	4	0
131	6	2	8	0
134	6	2	1	0
135	6	2	1	0
138	6	2	6	0
144	6	2	9	0
146	6	2	6	0
147	6	2	1	0
148	6	2	10	0
150	6	2	1	0
152	6	2	10	0
154	6	2	1	0
157	6	2	6	0
158	6	2	1	0
159	6	2	8	0
160	6	2	5	0
162	6	2	1	0
164	6	2	4	0
170	6	2	10	0
171	6	2	12	0
173	6	2	10	0
174	6	2	7	0
176	6	2	18	0
180	6	2	7	0
185	6	2	4	0
186	6	2	7	0
189	6	2	9	0
190	6	2	13	0
192	6	2	13	0
197	6	2	9	0
202	6	2	7	0
204	6	2	2	0
206	6	2	4	0
207	6	2	5	0
210	6	2	10	0
212	6	2	2	0
217	6	2	8	0
220	6	2	3	0
222	6	2	7	0
224	6	2	2	0
225	6	2	13	0
228	6	2	8	0
7	12	2	2	0
15	7	2	1	0
7	17	2	2	0
7	19	2	2	0
7	20	2	2	0
7	23	2	2	0
7	27	2	2	0
7	29	2	2	0
7	31	2	2	0
7	33	2	2	0
7	37	2	2	0
7	44	2	2	0
7	47	2	2	0
7	51	2	2	0
7	54	2	2	0
7	56	2	2	0
7	64	2	2	0
7	65	2	2	0
7	73	2	2	0
77	7	2	1	0
7	80	2	2	0
7	85	2	2	0
7	86	2	2	0
7	92	2	2	0
101	7	2	1	0
7	109	2	2	0
7	111	2	2	0
7	114	2	2	0
7	116	2	2	0
7	119	2	2	0
7	127	2	2	0
132	7	2	1	0
7	133	2	2	0
7	139	2	2	0
7	145	2	2	0
7	149	2	2	0
7	151	2	2	0
7	153	2	2	0
7	161	2	2	0
7	163	2	2	0
7	165	2	2	0
7	168	2	2	0
7	169	2	2	0
7	172	2	2	0
7	175	2	2	0
7	177	2	2	0
7	181	2	2	0
7	184	2	2	0
7	187	2	2	0
7	188	2	2	0
7	191	2	2	0
7	193	2	2	0
7	196	2	2	0
7	203	2	2	0
7	205	2	2	0
7	208	2	2	0
7	209	2	2	0
7	211	2	2	0
7	218	2	2	0
7	219	2	2	0
7	221	2	2	0
7	223	2	2	0
7	226	2	2	0
7	227	2	2	0
15	8	2	1	0
21	8	2	2	0
30	8	2	1	0
60	8	2	2	0
61	8	2	2	0
8	65	2	9	0
77	8	2	1	0
81	8	2	1	0
87	8	2	2	0
89	8	2	2	0
101	8	2	1	0
132	8	2	1	0
134	8	2	1	0
143	8	2	3	0
8	149	2	9	0
8	153	2	9	0
162	8	2	1	0
8	184	2	9	0
8	188	2	9	0
204	8	2	2	0
212	8	2	2	0
8	219	2	9	0
8	223	2	9	0
9	20	2	12	0
39	9	2	1	0
66	9	2	2	0
71	9	2	1	0
79	9	2	2	0
9	86	2	12	0
90	9	2	2	0
91	9	2	1	0
96	9	2	4	0
104	9	2	2	0
106	9	2	2	0
9	133	2	12	0
135	9	2	1	0
9	142	2	12	0
147	9	2	1	0
150	9	2	1	0
154	9	2	1	0
158	9	2	1	0
185	9	2	4	0
189	9	2	9	0
9	211	2	12	0
220	9	2	3	0
224	9	2	2	0
16	10	2	2	0
18	10	2	12	0
21	10	2	2	0
10	22	2	13	0
10	24	2	13	0
32	10	2	4	0
39	10	2	1	0
52	10	2	7	0
57	10	2	4	0
10	59	2	13	0
60	10	2	2	0
61	10	2	2	0
62	10	2	3	0
63	10	2	3	0
66	10	2	2	0
71	10	2	1	0
81	10	2	1	0
87	10	2	2	0
90	10	2	2	0
91	10	2	1	0
94	10	2	5	0
95	10	2	3	0
96	10	2	4	0
106	10	2	2	0
115	10	2	4	0
120	10	2	5	0
126	10	2	4	0
10	133	2	13	0
135	10	2	1	0
10	142	2	13	0
146	10	2	6	0
147	10	2	1	0
148	10	2	10	0
150	10	2	1	0
154	10	2	1	0
157	10	2	6	0
158	10	2	1	0
159	10	2	8	0
10	176	2	13	0
185	10	2	4	0
186	10	2	7	0
204	10	2	2	0
207	10	2	5	0
220	10	2	3	0
224	10	2	2	0
11	17	2	4	0
11	19	2	4	0
11	20	2	4	0
11	31	2	4	0
11	36	2	4	0
11	51	2	4	0
11	58	2	4	0
11	64	2	4	0
11	65	2	4	0
11	86	2	4	0
11	111	2	4	0
11	116	2	4	0
11	119	2	4	0
11	127	2	4	0
11	133	2	4	0
11	136	2	4	0
11	149	2	4	0
11	153	2	4	0
11	161	2	4	0
11	171	2	4	0
11	176	2	4	0
11	179	2	4	0
11	184	2	4	0
11	187	2	4	0
11	208	2	4	0
11	211	2	4	0
11	214	2	4	0
11	215	2	4	0
11	218	2	4	0
11	219	2	4	0
11	223	2	4	0
11	227	2	4	0
15	12	2	1	0
12	17	2	4	0
12	19	2	4	0
12	20	2	4	0
12	27	2	4	0
30	12	2	1	0
12	31	2	4	0
44	12	2	3	0
47	12	2	3	0
12	64	2	4	0
12	65	2	4	0
77	12	2	1	0
12	85	2	4	0
12	86	2	4	0
12	92	2	4	0
101	12	2	1	0
109	12	2	3	0
12	114	2	4	0
12	116	2	4	0
12	119	2	4	0
12	127	2	4	0
132	12	2	1	0
134	12	2	1	0
12	145	2	4	0
12	149	2	4	0
12	151	2	4	0
12	153	2	4	0
162	12	2	1	0
12	163	2	4	0
12	165	2	4	0
12	168	2	4	0
12	172	2	4	0
177	12	2	3	0
12	181	2	4	0
12	184	2	4	0
12	187	2	4	0
12	193	2	4	0
12	203	2	4	0
12	205	2	4	0
12	208	2	4	0
12	219	2	4	0
12	221	2	4	0
12	223	2	4	0
12	226	2	4	0
16	13	2	2	0
21	13	2	2	0
13	22	2	12	0
32	13	2	4	0
39	13	2	1	0
52	13	2	7	0
57	13	2	4	0
60	13	2	2	0
61	13	2	2	0
62	13	2	3	0
63	13	2	3	0
66	13	2	2	0
71	13	2	1	0
78	13	2	4	0
81	13	2	1	0
82	13	2	3	0
84	13	2	5	0
87	13	2	2	0
91	13	2	1	0
93	13	2	4	0
94	13	2	5	0
95	13	2	3	0
96	13	2	4	0
106	13	2	2	0
13	111	2	12	0
113	13	2	9	0
115	13	2	4	0
120	13	2	5	0
126	13	2	4	0
13	133	2	12	0
135	13	2	1	0
147	13	2	1	0
13	149	2	12	0
154	13	2	1	0
158	13	2	1	0
164	13	2	4	0
13	176	2	12	0
204	13	2	2	0
222	13	2	7	0
14	17	2	8	0
14	20	2	8	0
30	14	2	1	0
14	31	2	8	0
14	65	2	8	0
14	85	2	8	0
14	86	2	8	0
14	92	2	8	0
112	14	2	2	0
14	114	2	8	0
14	116	2	8	0
14	119	2	8	0
14	127	2	8	0
134	14	2	1	0
150	14	2	1	0
14	153	2	8	0
162	14	2	1	0
14	165	2	8	0
14	182	2	8	0
14	221	2	8	0
15	17	2	1	0
15	19	2	1	0
15	20	2	1	0
15	23	2	1	0
15	24	2	1	0
15	27	2	1	0
15	29	2	1	0
15	31	2	1	0
15	33	2	1	0
15	36	2	1	0
15	37	2	1	0
15	40	2	1	0
15	44	2	1	0
15	47	2	1	0
15	49	2	1	0
15	51	2	1	0
15	54	2	1	0
15	56	2	1	0
15	64	2	1	0
15	65	2	1	0
15	70	2	1	0
15	73	2	1	0
15	80	2	1	0
15	85	2	1	0
15	86	2	1	0
15	89	2	1	0
15	92	2	1	0
15	99	2	1	0
15	103	2	1	0
15	109	2	1	0
15	111	2	1	0
15	114	2	1	0
15	116	2	1	0
15	117	2	1	0
15	119	2	1	0
15	122	2	1	0
15	124	2	1	0
15	125	2	1	0
15	127	2	1	0
15	128	2	1	0
15	133	2	1	0
15	137	2	1	0
15	139	2	1	0
15	141	2	1	0
15	143	2	1	0
15	145	2	1	0
15	149	2	1	0
15	151	2	1	0
15	153	2	1	0
15	156	2	1	0
15	161	2	1	0
15	163	2	1	0
15	165	2	1	0
15	167	2	1	0
15	168	2	1	0
15	169	2	1	0
15	172	2	1	0
15	175	2	1	0
15	177	2	1	0
15	178	2	1	0
15	181	2	1	0
15	183	2	1	0
15	184	2	1	0
15	187	2	1	0
15	188	2	1	0
15	191	2	1	0
15	193	2	1	0
15	195	2	1	0
15	196	2	1	0
15	199	2	1	0
15	200	2	1	0
15	203	2	1	0
15	205	2	1	0
15	208	2	1	0
15	209	2	1	0
15	211	2	1	0
15	213	2	1	0
15	216	2	1	0
15	218	2	1	0
15	219	2	1	0
15	221	2	1	0
15	223	2	1	0
15	226	2	1	0
15	227	2	1	0
16	18	2	2	0
16	20	2	2	0
16	22	2	2	0
16	24	2	2	0
16	26	2	2	0
16	28	2	2	0
16	33	2	2	0
16	42	2	2	0
16	45	2	2	0
16	48	2	2	0
16	50	2	2	0
16	52	2	2	0
16	55	2	2	0
16	58	2	2	0
16	59	2	2	0
16	67	2	2	0
16	69	2	2	0
16	80	2	2	0
16	86	2	2	0
16	111	2	2	0
16	117	2	2	0
16	133	2	2	0
16	136	2	2	0
16	140	2	2	0
16	142	2	2	0
16	148	2	2	0
16	149	2	2	0
16	153	2	2	0
16	155	2	2	0
158	16	2	1	0
16	173	2	2	0
16	176	2	2	0
16	184	2	2	0
16	186	2	2	0
16	190	2	2	0
16	192	2	2	0
16	194	2	2	0
16	200	2	2	0
16	202	2	2	0
16	209	2	2	0
16	211	2	2	0
16	213	2	2	0
16	215	2	2	0
16	217	2	2	0
16	219	2	2	0
16	221	2	2	0
16	223	2	2	0
16	225	2	2	0
16	227	2	2	0
19	17	2	9	0
21	17	2	2	0
23	17	2	4	0
25	17	2	3	0
27	17	2	14	0
29	17	2	6	0
30	17	2	1	0
34	17	2	6	0
39	17	2	1	0
43	17	2	4	0
44	17	2	3	0
46	17	2	5	0
47	17	2	3	0
49	17	2	6	0
51	17	2	11	0
53	17	2	10	0
54	17	2	4	0
56	17	2	7	0
63	17	2	3	0
64	17	2	14	0
68	17	2	2	0
70	17	2	6	0
71	17	2	1	0
75	17	2	3	0
77	17	2	1	0
78	17	2	4	0
81	17	2	1	0
82	17	2	3	0
83	17	2	4	0
87	17	2	2	0
88	17	2	5	0
89	17	2	2	0
90	17	2	2	0
91	17	2	1	0
95	17	2	3	0
97	17	2	7	0
98	17	2	5	0
100	17	2	4	0
101	17	2	1	0
103	17	2	3	0
109	17	2	3	0
110	17	2	4	0
112	17	2	2	0
118	17	2	9	0
125	17	2	7	0
132	17	2	1	0
134	17	2	1	0
135	17	2	1	0
137	17	2	9	0
141	17	2	10	0
143	17	2	3	0
147	17	2	1	0
150	17	2	1	0
154	17	2	1	0
156	17	2	4	0
162	17	2	1	0
168	17	2	8	0
174	17	2	7	0
175	17	2	4	0
177	17	2	3	0
185	17	2	4	0
187	17	2	14	0
191	17	2	7	0
193	17	2	8	0
195	17	2	6	0
201	17	2	7	0
203	17	2	14	0
206	17	2	4	0
210	17	2	10	0
212	17	2	2	0
214	17	2	10	0
216	17	2	5	0
218	17	2	13	0
220	17	2	3	0
222	17	2	7	0
224	17	2	2	0
226	17	2	8	0
228	17	2	8	0
21	18	2	2	0
18	22	2	12	0
18	24	2	12	0
39	18	2	1	0
52	18	2	7	0
57	18	2	4	0
18	59	2	12	0
60	18	2	2	0
61	18	2	2	0
62	18	2	3	0
63	18	2	3	0
66	18	2	2	0
71	18	2	1	0
81	18	2	1	0
90	18	2	2	0
91	18	2	1	0
94	18	2	5	0
96	18	2	4	0
106	18	2	2	0
115	18	2	4	0
126	18	2	4	0
18	133	2	12	0
135	18	2	1	0
18	142	2	12	0
146	18	2	6	0
147	18	2	1	0
148	18	2	10	0
150	18	2	1	0
154	18	2	1	0
157	18	2	6	0
158	18	2	1	0
159	18	2	8	0
18	176	2	12	0
185	18	2	4	0
186	18	2	7	0
204	18	2	2	0
207	18	2	5	0
18	211	2	12	0
220	18	2	3	0
224	18	2	2	0
18	225	2	12	0
19	20	2	9	0
23	19	2	4	0
25	19	2	3	0
30	19	2	1	0
44	19	2	3	0
47	19	2	3	0
54	19	2	4	0
19	64	2	9	0
19	65	2	9	0
68	19	2	2	0
77	19	2	1	0
101	19	2	1	0
103	19	2	3	0
109	19	2	3	0
19	116	2	9	0
19	127	2	9	0
132	19	2	1	0
134	19	2	1	0
143	19	2	3	0
19	149	2	9	0
19	153	2	9	0
162	19	2	1	0
175	19	2	4	0
177	19	2	3	0
19	184	2	9	0
19	187	2	9	0
19	208	2	9	0
212	19	2	2	0
19	219	2	9	0
19	223	2	9	0
226	19	2	8	0
23	20	2	4	0
25	20	2	3	0
26	20	2	7	0
29	20	2	6	0
30	20	2	1	0
32	20	2	4	0
38	20	2	9	0
39	20	2	1	0
44	20	2	3	0
46	20	2	5	0
47	20	2	3	0
49	20	2	6	0
50	20	2	10	0
52	20	2	7	0
54	20	2	4	0
56	20	2	7	0
60	20	2	2	0
61	20	2	2	0
62	20	2	3	0
63	20	2	3	0
66	20	2	2	0
68	20	2	2	0
70	20	2	6	0
71	20	2	1	0
73	20	2	7	0
76	20	2	4	0
77	20	2	1	0
79	20	2	2	0
81	20	2	1	0
82	20	2	3	0
84	20	2	5	0
87	20	2	2	0
88	20	2	5	0
90	20	2	2	0
91	20	2	1	0
93	20	2	4	0
95	20	2	3	0
96	20	2	4	0
98	20	2	5	0
101	20	2	1	0
103	20	2	3	0
104	20	2	2	0
106	20	2	2	0
107	20	2	5	0
109	20	2	3	0
112	20	2	2	0
114	20	2	12	0
119	20	2	16	0
122	20	2	9	0
126	20	2	4	0
129	20	2	9	0
131	20	2	8	0
132	20	2	1	0
134	20	2	1	0
135	20	2	1	0
136	20	2	12	0
139	20	2	15	0
141	20	2	10	0
143	20	2	3	0
147	20	2	1	0
150	20	2	1	0
154	20	2	1	0
156	20	2	4	0
158	20	2	1	0
160	20	2	5	0
162	20	2	1	0
163	20	2	13	0
164	20	2	4	0
167	20	2	11	0
168	20	2	8	0
170	20	2	10	0
172	20	2	9	0
173	20	2	10	0
175	20	2	4	0
177	20	2	3	0
179	20	2	10	0
180	20	2	7	0
185	20	2	4	0
186	20	2	7	0
189	20	2	9	0
193	20	2	8	0
195	20	2	6	0
196	20	2	12	0
199	20	2	5	0
201	20	2	7	0
202	20	2	7	0
204	20	2	2	0
206	20	2	4	0
212	20	2	2	0
220	20	2	3	0
224	20	2	2	0
226	20	2	8	0
21	22	2	2	0
21	24	2	2	0
21	27	2	2	0
21	28	2	2	0
21	31	2	2	0
21	37	2	2	0
21	45	2	2	0
21	48	2	2	0
21	51	2	2	0
21	53	2	2	0
21	55	2	2	0
21	59	2	2	0
21	65	2	2	0
21	67	2	2	0
21	69	2	2	0
21	72	2	2	0
21	85	2	2	0
21	86	2	2	0
21	92	2	2	0
21	94	2	2	0
21	97	2	2	0
21	102	2	2	0
21	105	2	2	0
21	111	2	2	0
21	113	2	2	0
21	120	2	2	0
21	121	2	2	0
21	127	2	2	0
21	128	2	2	0
21	130	2	2	0
21	133	2	2	0
21	137	2	2	0
21	138	2	2	0
21	140	2	2	0
21	142	2	2	0
21	146	2	2	0
21	148	2	2	0
21	149	2	2	0
21	153	2	2	0
21	155	2	2	0
21	157	2	2	0
21	161	2	2	0
21	165	2	2	0
21	166	2	2	0
21	169	2	2	0
21	171	2	2	0
21	174	2	2	0
21	176	2	2	0
21	178	2	2	0
21	181	2	2	0
21	183	2	2	0
21	184	2	2	0
21	187	2	2	0
21	188	2	2	0
21	192	2	2	0
21	194	2	2	0
21	197	2	2	0
21	198	2	2	0
21	200	2	2	0
21	203	2	2	0
21	205	2	2	0
21	211	2	2	0
21	219	2	2	0
21	223	2	2	0
21	225	2	2	0
26	22	2	7	0
32	22	2	4	0
34	22	2	6	0
39	22	2	1	0
43	22	2	4	0
46	22	2	5	0
50	22	2	10	0
52	22	2	7	0
57	22	2	4	0
60	22	2	2	0
61	22	2	2	0
62	22	2	3	0
63	22	2	3	0
66	22	2	2	0
68	22	2	2	0
71	22	2	1	0
72	22	2	12	0
74	22	2	13	0
78	22	2	4	0
79	22	2	2	0
81	22	2	1	0
82	22	2	3	0
84	22	2	5	0
87	22	2	2	0
90	22	2	2	0
91	22	2	1	0
93	22	2	4	0
94	22	2	5	0
95	22	2	3	0
96	22	2	4	0
97	22	2	7	0
106	22	2	2	0
107	22	2	5	0
110	22	2	4	0
113	22	2	9	0
115	22	2	4	0
120	22	2	5	0
126	22	2	4	0
131	22	2	8	0
22	133	2	17	0
135	22	2	1	0
138	22	2	6	0
146	22	2	6	0
147	22	2	1	0
148	22	2	10	0
150	22	2	1	0
154	22	2	1	0
157	22	2	6	0
158	22	2	1	0
159	22	2	8	0
160	22	2	5	0
164	22	2	4	0
173	22	2	10	0
174	22	2	7	0
22	176	2	17	0
185	22	2	4	0
186	22	2	7	0
189	22	2	9	0
190	22	2	13	0
204	22	2	2	0
206	22	2	4	0
207	22	2	5	0
217	22	2	8	0
220	22	2	3	0
222	22	2	7	0
224	22	2	2	0
23	27	2	4	0
30	23	2	1	0
23	31	2	4	0
23	33	2	4	0
44	23	2	3	0
47	23	2	3	0
23	51	2	4	0
23	64	2	4	0
23	65	2	4	0
77	23	2	1	0
23	85	2	4	0
23	86	2	4	0
23	92	2	4	0
101	23	2	1	0
109	23	2	3	0
23	114	2	4	0
23	116	2	4	0
23	119	2	4	0
23	127	2	4	0
132	23	2	1	0
134	23	2	1	0
23	139	2	4	0
23	149	2	4	0
23	153	2	4	0
162	23	2	1	0
23	163	2	4	0
23	165	2	4	0
23	168	2	4	0
177	23	2	3	0
23	184	2	4	0
23	187	2	4	0
23	188	2	4	0
23	191	2	4	0
23	205	2	4	0
23	208	2	4	0
23	218	2	4	0
23	219	2	4	0
23	221	2	4	0
23	223	2	4	0
26	24	2	7	0
32	24	2	4	0
38	24	2	9	0
39	24	2	1	0
40	24	2	8	0
42	24	2	14	0
46	24	2	5	0
50	24	2	10	0
52	24	2	7	0
53	24	2	10	0
55	24	2	14	0
57	24	2	4	0
59	24	2	17	0
60	24	2	2	0
61	24	2	2	0
62	24	2	3	0
63	24	2	3	0
66	24	2	2	0
68	24	2	2	0
71	24	2	1	0
76	24	2	4	0
77	24	2	1	0
79	24	2	2	0
81	24	2	1	0
87	24	2	2	0
89	24	2	2	0
90	24	2	2	0
91	24	2	1	0
94	24	2	5	0
95	24	2	3	0
96	24	2	4	0
101	24	2	1	0
106	24	2	2	0
107	24	2	5	0
110	24	2	4	0
115	24	2	4	0
117	24	2	12	0
120	24	2	5	0
126	24	2	4	0
132	24	2	1	0
24	133	2	18	0
135	24	2	1	0
144	24	2	9	0
146	24	2	6	0
147	24	2	1	0
148	24	2	10	0
150	24	2	1	0
152	24	2	10	0
154	24	2	1	0
157	24	2	6	0
158	24	2	1	0
159	24	2	8	0
160	24	2	5	0
170	24	2	10	0
173	24	2	10	0
178	24	2	11	0
180	24	2	7	0
185	24	2	4	0
186	24	2	7	0
189	24	2	9	0
190	24	2	13	0
195	24	2	6	0
197	24	2	9	0
200	24	2	14	0
202	24	2	7	0
204	24	2	2	0
206	24	2	4	0
207	24	2	5	0
210	24	2	10	0
213	24	2	11	0
216	24	2	5	0
217	24	2	8	0
220	24	2	3	0
224	24	2	2	0
225	24	2	13	0
25	27	2	3	0
30	25	2	1	0
25	31	2	3	0
25	37	2	3	0
25	41	2	3	0
25	51	2	3	0
25	54	2	3	0
25	56	2	3	0
25	64	2	3	0
25	65	2	3	0
25	86	2	3	0
25	116	2	3	0
25	118	2	3	0
25	119	2	3	0
25	127	2	3	0
134	25	2	1	0
25	145	2	3	0
25	149	2	3	0
25	151	2	3	0
25	153	2	3	0
162	25	2	1	0
25	168	2	3	0
25	169	2	3	0
25	179	2	3	0
25	181	2	3	0
25	184	2	3	0
25	187	2	3	0
25	188	2	3	0
25	194	2	3	0
25	196	2	3	0
25	201	2	3	0
25	203	2	3	0
25	205	2	3	0
25	208	2	3	0
25	209	2	3	0
25	214	2	3	0
25	215	2	3	0
25	218	2	3	0
25	219	2	3	0
25	223	2	3	0
25	226	2	3	0
26	58	2	7	0
26	59	2	7	0
26	69	2	7	0
71	26	2	1	0
79	26	2	2	0
26	86	2	7	0
90	26	2	2	0
26	133	2	7	0
26	142	2	7	0
150	26	2	1	0
26	153	2	7	0
158	26	2	1	0
26	173	2	7	0
26	176	2	7	0
26	211	2	7	0
30	27	2	1	0
39	27	2	1	0
44	27	2	3	0
47	27	2	3	0
54	27	2	4	0
63	27	2	3	0
70	27	2	6	0
75	27	2	3	0
77	27	2	1	0
81	27	2	1	0
82	27	2	3	0
87	27	2	2	0
89	27	2	2	0
91	27	2	1	0
95	27	2	3	0
101	27	2	1	0
109	27	2	3	0
132	27	2	1	0
134	27	2	1	0
135	27	2	1	0
143	27	2	3	0
147	27	2	1	0
27	149	2	14	0
154	27	2	1	0
162	27	2	1	0
168	27	2	8	0
174	27	2	7	0
175	27	2	4	0
177	27	2	3	0
212	27	2	2	0
39	28	2	1	0
43	28	2	4	0
57	28	2	4	0
60	28	2	2	0
61	28	2	2	0
79	28	2	2	0
81	28	2	1	0
87	28	2	2	0
93	28	2	4	0
110	28	2	4	0
115	28	2	4	0
28	133	2	14	0
138	28	2	6	0
150	28	2	1	0
154	28	2	1	0
28	155	2	14	0
158	28	2	1	0
164	28	2	4	0
174	28	2	7	0
28	176	2	14	0
204	28	2	2	0
220	28	2	3	0
224	28	2	2	0
71	29	2	1	0
77	29	2	1	0
29	86	2	6	0
91	29	2	1	0
29	92	2	6	0
101	29	2	1	0
29	111	2	6	0
29	116	2	6	0
132	29	2	1	0
29	133	2	6	0
135	29	2	1	0
29	139	2	6	0
147	29	2	1	0
29	149	2	6	0
29	153	2	6	0
29	165	2	6	0
29	211	2	6	0
29	219	2	6	0
29	223	2	6	0
30	31	2	1	0
30	33	2	1	0
30	35	2	1	0
30	37	2	1	0
30	41	2	1	0
30	44	2	1	0
30	47	2	1	0
30	48	2	1	0
30	51	2	1	0
30	54	2	1	0
30	56	2	1	0
30	64	2	1	0
30	65	2	1	0
30	70	2	1	0
30	75	2	1	0
30	83	2	1	0
30	85	2	1	0
30	86	2	1	0
30	88	2	1	0
30	92	2	1	0
30	99	2	1	0
30	100	2	1	0
30	103	2	1	0
30	109	2	1	0
30	112	2	1	0
30	114	2	1	0
30	116	2	1	0
30	118	2	1	0
30	119	2	1	0
30	121	2	1	0
30	123	2	1	0
30	125	2	1	0
30	127	2	1	0
30	128	2	1	0
30	130	2	1	0
30	137	2	1	0
30	139	2	1	0
30	141	2	1	0
30	143	2	1	0
30	145	2	1	0
30	149	2	1	0
30	151	2	1	0
30	153	2	1	0
30	156	2	1	0
30	163	2	1	0
30	165	2	1	0
30	167	2	1	0
30	168	2	1	0
30	169	2	1	0
30	172	2	1	0
30	175	2	1	0
30	177	2	1	0
30	179	2	1	0
30	181	2	1	0
30	182	2	1	0
30	184	2	1	0
30	187	2	1	0
30	188	2	1	0
30	191	2	1	0
30	193	2	1	0
30	194	2	1	0
30	196	2	1	0
30	198	2	1	0
30	201	2	1	0
30	203	2	1	0
30	205	2	1	0
30	208	2	1	0
30	209	2	1	0
30	212	2	1	0
30	214	2	1	0
30	215	2	1	0
30	218	2	1	0
30	219	2	1	0
30	221	2	1	0
30	223	2	1	0
30	226	2	1	0
30	228	2	1	0
39	31	2	1	0
44	31	2	3	0
47	31	2	3	0
54	31	2	4	0
57	31	2	4	0
60	31	2	2	0
61	31	2	2	0
63	31	2	3	0
75	31	2	3	0
77	31	2	1	0
81	31	2	1	0
83	31	2	4	0
89	31	2	2	0
91	31	2	1	0
101	31	2	1	0
103	31	2	3	0
109	31	2	3	0
110	31	2	4	0
112	31	2	2	0
115	31	2	4	0
132	31	2	1	0
134	31	2	1	0
135	31	2	1	0
143	31	2	3	0
150	31	2	1	0
154	31	2	1	0
162	31	2	1	0
169	31	2	11	0
175	31	2	4	0
177	31	2	3	0
193	31	2	8	0
195	31	2	6	0
204	31	2	2	0
216	31	2	5	0
220	31	2	3	0
224	31	2	2	0
32	58	2	4	0
32	59	2	4	0
71	32	2	1	0
32	111	2	4	0
32	116	2	4	0
32	133	2	4	0
32	142	2	4	0
147	32	2	1	0
32	149	2	4	0
32	153	2	4	0
158	32	2	1	0
32	170	2	4	0
32	176	2	4	0
32	192	2	4	0
32	194	2	4	0
32	215	2	4	0
32	219	2	4	0
32	223	2	4	0
39	33	2	1	0
44	33	2	3	0
47	33	2	3	0
60	33	2	2	0
61	33	2	2	0
62	33	2	3	0
63	33	2	3	0
66	33	2	2	0
73	33	2	7	0
76	33	2	4	0
77	33	2	1	0
79	33	2	2	0
81	33	2	1	0
91	33	2	1	0
96	33	2	4	0
98	33	2	5	0
101	33	2	1	0
103	33	2	3	0
104	33	2	2	0
106	33	2	2	0
107	33	2	5	0
109	33	2	3	0
112	33	2	2	0
115	33	2	4	0
126	33	2	4	0
132	33	2	1	0
134	33	2	1	0
135	33	2	1	0
147	33	2	1	0
150	33	2	1	0
154	33	2	1	0
156	33	2	4	0
158	33	2	1	0
162	33	2	1	0
175	33	2	4	0
177	33	2	3	0
202	33	2	7	0
204	33	2	2	0
224	33	2	2	0
34	65	2	6	0
71	34	2	1	0
34	72	2	6	0
78	34	2	4	0
34	99	2	6	0
34	102	2	6	0
34	111	2	6	0
34	116	2	6	0
34	127	2	6	0
34	133	2	6	0
34	149	2	6	0
34	153	2	6	0
34	155	2	6	0
34	176	2	6	0
34	183	2	6	0
34	203	2	6	0
34	223	2	6	0
60	35	2	2	0
61	35	2	2	0
81	35	2	1	0
91	35	2	1	0
134	35	2	1	0
135	35	2	1	0
147	35	2	1	0
35	149	2	8	0
35	153	2	8	0
162	35	2	1	0
35	184	2	8	0
35	194	2	8	0
204	35	2	2	0
35	219	2	8	0
35	223	2	8	0
39	36	2	1	0
43	36	2	4	0
68	36	2	2	0
71	36	2	1	0
77	36	2	1	0
78	36	2	4	0
79	36	2	2	0
89	36	2	2	0
90	36	2	2	0
101	36	2	1	0
132	36	2	1	0
36	133	2	13	0
150	36	2	1	0
154	36	2	1	0
158	36	2	1	0
185	36	2	4	0
195	36	2	6	0
206	36	2	4	0
220	36	2	3	0
224	36	2	2	0
44	37	2	3	0
47	37	2	3	0
54	37	2	4	0
57	37	2	4	0
60	37	2	2	0
61	37	2	2	0
62	37	2	3	0
37	65	2	11	0
75	37	2	3	0
77	37	2	1	0
81	37	2	1	0
82	37	2	3	0
84	37	2	5	0
87	37	2	2	0
89	37	2	2	0
101	37	2	1	0
109	37	2	3	0
115	37	2	4	0
126	37	2	4	0
132	37	2	1	0
134	37	2	1	0
143	37	2	3	0
147	37	2	1	0
37	149	2	11	0
37	153	2	11	0
162	37	2	1	0
177	37	2	3	0
37	184	2	11	0
37	188	2	11	0
204	37	2	2	0
212	37	2	2	0
37	219	2	11	0
37	223	2	11	0
38	58	2	9	0
38	59	2	9	0
66	38	2	2	0
71	38	2	1	0
76	38	2	4	0
79	38	2	2	0
38	85	2	9	0
38	86	2	9	0
90	38	2	2	0
91	38	2	1	0
106	38	2	2	0
38	116	2	9	0
38	127	2	9	0
38	133	2	9	0
135	38	2	1	0
38	142	2	9	0
150	38	2	1	0
38	153	2	9	0
158	38	2	1	0
38	165	2	9	0
38	176	2	9	0
38	211	2	9	0
39	41	2	1	0
39	42	2	1	0
39	45	2	1	0
39	48	2	1	0
39	50	2	1	0
39	53	2	1	0
39	55	2	1	0
39	58	2	1	0
39	59	2	1	0
39	63	2	1	0
39	64	2	1	0
39	65	2	1	0
39	67	2	1	0
39	69	2	1	0
39	72	2	1	0
39	74	2	1	0
39	80	2	1	0
39	85	2	1	0
39	86	2	1	0
39	92	2	1	0
39	95	2	1	0
39	96	2	1	0
39	99	2	1	0
39	102	2	1	0
39	105	2	1	0
39	110	2	1	0
39	111	2	1	0
39	113	2	1	0
39	116	2	1	0
39	117	2	1	0
39	119	2	1	0
39	122	2	1	0
39	124	2	1	0
39	127	2	1	0
39	129	2	1	0
39	130	2	1	0
39	133	2	1	0
39	136	2	1	0
39	139	2	1	0
39	141	2	1	0
39	142	2	1	0
39	144	2	1	0
39	148	2	1	0
39	149	2	1	0
39	152	2	1	0
39	155	2	1	0
39	159	2	1	0
39	161	2	1	0
39	163	2	1	0
39	164	2	1	0
39	167	2	1	0
39	170	2	1	0
39	171	2	1	0
39	174	2	1	0
39	176	2	1	0
39	178	2	1	0
39	180	2	1	0
39	183	2	1	0
39	185	2	1	0
39	187	2	1	0
39	189	2	1	0
39	190	2	1	0
39	193	2	1	0
39	195	2	1	0
39	196	2	1	0
39	198	2	1	0
39	200	2	1	0
39	203	2	1	0
39	206	2	1	0
39	208	2	1	0
39	209	2	1	0
39	211	2	1	0
39	213	2	1	0
39	216	2	1	0
39	218	2	1	0
39	220	2	1	0
39	221	2	1	0
39	224	2	1	0
39	225	2	1	0
39	228	2	1	0
40	65	2	8	0
77	40	2	1	0
40	92	2	8	0
101	40	2	1	0
132	40	2	1	0
40	133	2	8	0
147	40	2	1	0
150	40	2	1	0
40	153	2	8	0
63	41	2	3	0
66	41	2	2	0
71	41	2	1	0
75	41	2	3	0
79	41	2	2	0
81	41	2	1	0
91	41	2	1	0
93	41	2	4	0
104	41	2	2	0
106	41	2	2	0
134	41	2	1	0
135	41	2	1	0
41	149	2	13	0
154	41	2	1	0
158	41	2	1	0
162	41	2	1	0
52	42	2	7	0
42	58	2	14	0
42	59	2	14	0
60	42	2	2	0
61	42	2	2	0
62	42	2	3	0
63	42	2	3	0
66	42	2	2	0
71	42	2	1	0
76	42	2	4	0
79	42	2	2	0
81	42	2	1	0
91	42	2	1	0
96	42	2	4	0
106	42	2	2	0
107	42	2	5	0
110	42	2	4	0
42	111	2	14	0
115	42	2	4	0
126	42	2	4	0
42	133	2	14	0
135	42	2	1	0
42	142	2	14	0
144	42	2	9	0
147	42	2	1	0
42	149	2	14	0
154	42	2	1	0
158	42	2	1	0
159	42	2	8	0
160	42	2	5	0
42	176	2	14	0
180	42	2	7	0
186	42	2	7	0
190	42	2	13	0
202	42	2	7	0
204	42	2	2	0
207	42	2	5	0
210	42	2	10	0
42	211	2	14	0
217	42	2	8	0
43	64	2	4	0
43	65	2	4	0
43	97	2	4	0
43	99	2	4	0
43	102	2	4	0
43	108	2	4	0
43	116	2	4	0
43	118	2	4	0
43	125	2	4	0
43	127	2	4	0
43	133	2	4	0
43	145	2	4	0
150	43	2	1	0
43	153	2	4	0
43	155	2	4	0
43	161	2	4	0
43	171	2	4	0
43	176	2	4	0
43	181	2	4	0
43	183	2	4	0
43	187	2	4	0
43	192	2	4	0
43	203	2	4	0
43	208	2	4	0
43	209	2	4	0
43	218	2	4	0
44	51	2	3	0
44	54	2	3	0
44	56	2	3	0
44	64	2	3	0
44	65	2	3	0
77	44	2	1	0
44	85	2	3	0
44	86	2	3	0
44	92	2	3	0
101	44	2	1	0
44	114	2	3	0
44	116	2	3	0
44	119	2	3	0
44	127	2	3	0
132	44	2	1	0
134	44	2	1	0
44	139	2	3	0
44	145	2	3	0
44	149	2	3	0
44	151	2	3	0
44	153	2	3	0
162	44	2	1	0
44	163	2	3	0
44	165	2	3	0
44	168	2	3	0
44	169	2	3	0
44	172	2	3	0
44	175	2	3	0
44	181	2	3	0
44	184	2	3	0
44	187	2	3	0
44	188	2	3	0
44	191	2	3	0
44	193	2	3	0
44	196	2	3	0
44	203	2	3	0
44	205	2	3	0
44	208	2	3	0
44	209	2	3	0
44	218	2	3	0
44	219	2	3	0
44	221	2	3	0
44	223	2	3	0
44	226	2	3	0
62	45	2	3	0
66	45	2	2	0
82	45	2	3	0
91	45	2	1	0
95	45	2	3	0
96	45	2	4	0
106	45	2	2	0
45	111	2	13	0
45	133	2	13	0
135	45	2	1	0
138	45	2	6	0
147	45	2	1	0
45	149	2	13	0
154	45	2	1	0
158	45	2	1	0
164	45	2	4	0
174	45	2	7	0
45	176	2	13	0
46	58	2	5	0
46	59	2	5	0
46	65	2	5	0
46	69	2	5	0
71	46	2	1	0
81	46	2	1	0
90	46	2	2	0
46	133	2	5	0
46	139	2	5	0
46	142	2	5	0
150	46	2	1	0
46	153	2	5	0
46	165	2	5	0
46	173	2	5	0
46	176	2	5	0
46	183	2	5	0
46	198	2	5	0
46	211	2	5	0
47	51	2	3	0
47	54	2	3	0
47	56	2	3	0
47	64	2	3	0
47	65	2	3	0
77	47	2	1	0
47	85	2	3	0
47	86	2	3	0
47	92	2	3	0
101	47	2	1	0
47	114	2	3	0
47	116	2	3	0
47	119	2	3	0
47	127	2	3	0
132	47	2	1	0
134	47	2	1	0
47	139	2	3	0
47	145	2	3	0
47	149	2	3	0
47	151	2	3	0
47	153	2	3	0
162	47	2	1	0
47	163	2	3	0
47	165	2	3	0
47	168	2	3	0
47	169	2	3	0
47	172	2	3	0
47	175	2	3	0
47	181	2	3	0
47	184	2	3	0
47	187	2	3	0
47	188	2	3	0
47	191	2	3	0
47	193	2	3	0
47	196	2	3	0
47	203	2	3	0
47	205	2	3	0
47	208	2	3	0
47	209	2	3	0
47	218	2	3	0
47	219	2	3	0
47	221	2	3	0
47	223	2	3	0
47	226	2	3	0
66	48	2	2	0
71	48	2	1	0
75	48	2	3	0
76	48	2	4	0
79	48	2	2	0
48	86	2	15	0
91	48	2	1	0
96	48	2	4	0
98	48	2	5	0
100	48	2	4	0
104	48	2	2	0
106	48	2	2	0
110	48	2	4	0
134	48	2	1	0
135	48	2	1	0
140	48	2	11	0
147	48	2	1	0
48	149	2	15	0
154	48	2	1	0
157	48	2	6	0
158	48	2	1	0
162	48	2	1	0
49	65	2	6	0
77	49	2	1	0
81	49	2	1	0
87	49	2	2	0
101	49	2	1	0
132	49	2	1	0
49	133	2	6	0
49	141	2	6	0
150	49	2	1	0
49	153	2	6	0
49	183	2	6	0
50	58	2	10	0
50	59	2	10	0
60	50	2	2	0
61	50	2	2	0
62	50	2	3	0
63	50	2	3	0
66	50	2	2	0
81	50	2	1	0
91	50	2	1	0
96	50	2	4	0
106	50	2	2	0
126	50	2	4	0
50	133	2	10	0
135	50	2	1	0
50	142	2	10	0
147	50	2	1	0
150	50	2	1	0
154	50	2	1	0
158	50	2	1	0
160	50	2	5	0
50	176	2	10	0
186	50	2	7	0
50	200	2	10	0
204	50	2	2	0
50	211	2	10	0
220	50	2	3	0
224	50	2	2	0
54	51	2	4	0
51	65	2	11	0
68	51	2	2	0
71	51	2	1	0
75	51	2	3	0
77	51	2	1	0
78	51	2	4	0
89	51	2	2	0
101	51	2	1	0
103	51	2	3	0
109	51	2	3	0
51	127	2	11	0
132	51	2	1	0
134	51	2	1	0
143	51	2	3	0
51	149	2	11	0
51	153	2	11	0
162	51	2	1	0
175	51	2	4	0
177	51	2	3	0
51	187	2	11	0
201	51	2	7	0
212	51	2	2	0
51	219	2	11	0
51	223	2	11	0
52	55	2	7	0
52	58	2	7	0
52	59	2	7	0
60	52	2	2	0
61	52	2	2	0
62	52	2	3	0
66	52	2	2	0
52	67	2	7	0
71	52	2	1	0
81	52	2	1	0
91	52	2	1	0
106	52	2	2	0
52	111	2	7	0
126	52	2	4	0
52	133	2	7	0
135	52	2	1	0
52	142	2	7	0
147	52	2	1	0
52	149	2	7	0
52	153	2	7	0
158	52	2	1	0
52	176	2	7	0
52	190	2	7	0
204	52	2	2	0
52	211	2	7	0
52	215	2	7	0
52	219	2	7	0
52	223	2	7	0
52	225	2	7	0
53	59	2	10	0
53	65	2	10	0
68	53	2	2	0
53	85	2	10	0
53	92	2	10	0
110	53	2	4	0
53	127	2	10	0
53	133	2	10	0
53	142	2	10	0
150	53	2	1	0
154	53	2	1	0
53	176	2	10	0
206	53	2	4	0
220	53	2	3	0
224	53	2	2	0
54	56	2	4	0
54	64	2	4	0
54	65	2	4	0
77	54	2	1	0
54	86	2	4	0
101	54	2	1	0
109	54	2	3	0
54	116	2	4	0
54	119	2	4	0
54	127	2	4	0
132	54	2	1	0
134	54	2	1	0
143	54	2	3	0
54	145	2	4	0
54	149	2	4	0
54	151	2	4	0
54	153	2	4	0
162	54	2	1	0
54	168	2	4	0
54	169	2	4	0
177	54	2	3	0
54	181	2	4	0
54	184	2	4	0
54	187	2	4	0
54	188	2	4	0
54	196	2	4	0
54	203	2	4	0
54	205	2	4	0
54	208	2	4	0
54	209	2	4	0
54	218	2	4	0
54	219	2	4	0
54	223	2	4	0
54	226	2	4	0
57	55	2	4	0
55	59	2	14	0
60	55	2	2	0
61	55	2	2	0
62	55	2	3	0
63	55	2	3	0
66	55	2	2	0
71	55	2	1	0
76	55	2	4	0
81	55	2	1	0
91	55	2	1	0
94	55	2	5	0
96	55	2	4	0
106	55	2	2	0
107	55	2	5	0
55	111	2	14	0
115	55	2	4	0
126	55	2	4	0
55	133	2	14	0
135	55	2	1	0
55	142	2	14	0
144	55	2	9	0
147	55	2	1	0
148	55	2	10	0
55	149	2	14	0
154	55	2	1	0
157	55	2	6	0
158	55	2	1	0
159	55	2	8	0
160	55	2	5	0
55	176	2	14	0
180	55	2	7	0
186	55	2	7	0
197	55	2	9	0
202	55	2	7	0
204	55	2	2	0
207	55	2	5	0
55	211	2	14	0
217	55	2	8	0
56	64	2	7	0
56	65	2	7	0
77	56	2	1	0
101	56	2	1	0
103	56	2	3	0
109	56	2	3	0
112	56	2	2	0
56	116	2	7	0
56	127	2	7	0
132	56	2	1	0
134	56	2	1	0
143	56	2	3	0
56	145	2	7	0
150	56	2	1	0
56	153	2	7	0
162	56	2	1	0
177	56	2	3	0
56	181	2	7	0
56	187	2	7	0
56	196	2	7	0
56	203	2	7	0
56	208	2	7	0
212	56	2	2	0
56	218	2	7	0
57	59	2	4	0
60	57	2	2	0
61	57	2	2	0
57	65	2	4	0
57	67	2	4	0
57	69	2	4	0
57	72	2	4	0
81	57	2	1	0
57	102	2	4	0
57	105	2	4	0
57	111	2	4	0
57	113	2	4	0
57	121	2	4	0
57	123	2	4	0
57	128	2	4	0
57	130	2	4	0
57	133	2	4	0
57	142	2	4	0
57	149	2	4	0
57	153	2	4	0
57	155	2	4	0
57	166	2	4	0
57	176	2	4	0
57	178	2	4	0
57	183	2	4	0
57	184	2	4	0
57	188	2	4	0
57	192	2	4	0
57	198	2	4	0
57	200	2	4	0
204	57	2	2	0
57	211	2	4	0
57	215	2	4	0
57	219	2	4	0
57	223	2	4	0
57	225	2	4	0
60	58	2	2	0
61	58	2	2	0
62	58	2	3	0
63	58	2	3	0
66	58	2	2	0
68	58	2	2	0
71	58	2	1	0
74	58	2	13	0
76	58	2	4	0
79	58	2	2	0
81	58	2	1	0
82	58	2	3	0
84	58	2	5	0
87	58	2	2	0
90	58	2	2	0
91	58	2	1	0
93	58	2	4	0
95	58	2	3	0
96	58	2	4	0
106	58	2	2	0
107	58	2	5	0
110	58	2	4	0
115	58	2	4	0
126	58	2	4	0
131	58	2	8	0
58	133	2	17	0
135	58	2	1	0
144	58	2	9	0
147	58	2	1	0
150	58	2	1	0
152	58	2	10	0
154	58	2	1	0
158	58	2	1	0
159	58	2	8	0
160	58	2	5	0
164	58	2	4	0
170	58	2	10	0
173	58	2	10	0
58	176	2	17	0
180	58	2	7	0
185	58	2	4	0
186	58	2	7	0
189	58	2	9	0
190	58	2	13	0
202	58	2	7	0
204	58	2	2	0
206	58	2	4	0
207	58	2	5	0
210	58	2	10	0
217	58	2	8	0
220	58	2	3	0
224	58	2	2	0
60	59	2	2	0
61	59	2	2	0
62	59	2	3	0
63	59	2	3	0
66	59	2	2	0
68	59	2	2	0
71	59	2	1	0
76	59	2	4	0
79	59	2	2	0
81	59	2	1	0
87	59	2	2	0
90	59	2	2	0
91	59	2	1	0
94	59	2	5	0
95	59	2	3	0
96	59	2	4	0
106	59	2	2	0
107	59	2	5	0
110	59	2	4	0
115	59	2	4	0
120	59	2	5	0
126	59	2	4	0
59	133	2	17	0
135	59	2	1	0
59	142	2	17	0
144	59	2	9	0
146	59	2	6	0
147	59	2	1	0
148	59	2	10	0
150	59	2	1	0
152	59	2	10	0
154	59	2	1	0
157	59	2	6	0
158	59	2	1	0
159	59	2	8	0
160	59	2	5	0
170	59	2	10	0
173	59	2	10	0
59	176	2	17	0
180	59	2	7	0
185	59	2	4	0
186	59	2	7	0
189	59	2	9	0
190	59	2	13	0
197	59	2	9	0
202	59	2	7	0
204	59	2	2	0
206	59	2	4	0
207	59	2	5	0
210	59	2	10	0
217	59	2	8	0
220	59	2	3	0
224	59	2	2	0
225	59	2	13	0
60	65	2	2	0
60	67	2	2	0
60	69	2	2	0
60	72	2	2	0
60	74	2	2	0
81	60	2	1	0
60	84	2	2	0
60	102	2	2	0
60	105	2	2	0
60	107	2	2	0
60	111	2	2	0
60	113	2	2	0
60	115	2	2	0
60	119	2	2	0
60	121	2	2	0
60	123	2	2	0
60	126	2	2	0
60	128	2	2	0
60	130	2	2	0
60	133	2	2	0
60	142	2	2	0
60	144	2	2	0
60	148	2	2	0
60	149	2	2	0
60	151	2	2	0
60	153	2	2	0
60	155	2	2	0
60	159	2	2	0
60	160	2	2	0
60	166	2	2	0
60	169	2	2	0
60	173	2	2	0
60	176	2	2	0
60	178	2	2	0
60	180	2	2	0
60	183	2	2	0
60	184	2	2	0
60	186	2	2	0
60	188	2	2	0
60	190	2	2	0
60	192	2	2	0
60	194	2	2	0
60	198	2	2	0
60	200	2	2	0
60	202	2	2	0
60	207	2	2	0
60	211	2	2	0
60	213	2	2	0
60	215	2	2	0
60	217	2	2	0
60	219	2	2	0
60	221	2	2	0
60	223	2	2	0
60	225	2	2	0
60	227	2	2	0
61	65	2	2	0
61	67	2	2	0
61	69	2	2	0
61	72	2	2	0
61	74	2	2	0
81	61	2	1	0
61	84	2	2	0
61	102	2	2	0
61	105	2	2	0
61	107	2	2	0
61	111	2	2	0
61	113	2	2	0
61	115	2	2	0
61	119	2	2	0
61	121	2	2	0
61	123	2	2	0
61	126	2	2	0
61	128	2	2	0
61	130	2	2	0
61	133	2	2	0
61	142	2	2	0
61	144	2	2	0
61	148	2	2	0
61	149	2	2	0
61	151	2	2	0
61	153	2	2	0
61	155	2	2	0
61	159	2	2	0
61	160	2	2	0
61	166	2	2	0
61	169	2	2	0
61	173	2	2	0
61	176	2	2	0
61	178	2	2	0
61	180	2	2	0
61	183	2	2	0
61	184	2	2	0
61	186	2	2	0
61	188	2	2	0
61	190	2	2	0
61	192	2	2	0
61	194	2	2	0
61	198	2	2	0
61	200	2	2	0
61	202	2	2	0
61	207	2	2	0
61	211	2	2	0
61	213	2	2	0
61	215	2	2	0
61	217	2	2	0
61	219	2	2	0
61	221	2	2	0
61	223	2	2	0
61	225	2	2	0
61	227	2	2	0
62	65	2	3	0
62	67	2	3	0
62	72	2	3	0
62	74	2	3	0
62	84	2	3	0
62	86	2	3	0
62	102	2	3	0
62	105	2	3	0
62	107	2	3	0
62	111	2	3	0
62	117	2	3	0
62	119	2	3	0
62	121	2	3	0
62	123	2	3	0
62	126	2	3	0
62	128	2	3	0
62	130	2	3	0
62	133	2	3	0
62	142	2	3	0
62	144	2	3	0
147	62	2	1	0
62	149	2	3	0
62	153	2	3	0
62	160	2	3	0
62	163	2	3	0
62	166	2	3	0
62	171	2	3	0
62	176	2	3	0
62	178	2	3	0
62	184	2	3	0
62	186	2	3	0
62	188	2	3	0
62	190	2	3	0
62	192	2	3	0
62	198	2	3	0
62	200	2	3	0
62	202	2	3	0
62	211	2	3	0
62	213	2	3	0
62	215	2	3	0
62	217	2	3	0
62	219	2	3	0
62	223	2	3	0
62	225	2	3	0
63	67	2	3	0
63	69	2	3	0
81	63	2	1	0
91	63	2	1	0
63	102	2	3	0
63	111	2	3	0
63	119	2	3	0
63	133	2	3	0
135	63	2	1	0
63	139	2	3	0
63	142	2	3	0
63	148	2	3	0
63	149	2	3	0
154	63	2	1	0
63	155	2	3	0
63	159	2	3	0
63	176	2	3	0
63	180	2	3	0
63	190	2	3	0
63	198	2	3	0
63	200	2	3	0
63	211	2	3	0
63	225	2	3	0
68	64	2	2	0
71	64	2	1	0
75	64	2	3	0
77	64	2	1	0
78	64	2	4	0
89	64	2	2	0
90	64	2	2	0
91	64	2	1	0
101	64	2	1	0
103	64	2	3	0
109	64	2	3	0
112	64	2	2	0
64	116	2	14	0
125	64	2	7	0
64	127	2	14	0
132	64	2	1	0
134	64	2	1	0
135	64	2	1	0
143	64	2	3	0
150	64	2	1	0
154	64	2	1	0
162	64	2	1	0
175	64	2	4	0
177	64	2	3	0
191	64	2	7	0
193	64	2	8	0
201	64	2	7	0
206	64	2	4	0
212	64	2	2	0
214	64	2	10	0
224	64	2	2	0
226	64	2	8	0
68	65	2	2	0
70	65	2	6	0
71	65	2	1	0
72	65	2	12	0
74	65	2	13	0
75	65	2	3	0
77	65	2	1	0
78	65	2	4	0
81	65	2	1	0
82	65	2	3	0
83	65	2	4	0
84	65	2	5	0
87	65	2	2	0
89	65	2	2	0
90	65	2	2	0
94	65	2	5	0
95	65	2	3	0
97	65	2	7	0
98	65	2	5	0
100	65	2	4	0
101	65	2	1	0
103	65	2	3	0
105	65	2	10	0
107	65	2	5	0
109	65	2	3	0
110	65	2	4	0
112	65	2	2	0
113	65	2	9	0
115	65	2	4	0
118	65	2	9	0
121	65	2	12	0
123	65	2	13	0
125	65	2	7	0
126	65	2	4	0
128	65	2	12	0
130	65	2	12	0
132	65	2	1	0
134	65	2	1	0
137	65	2	9	0
138	65	2	6	0
141	65	2	10	0
143	65	2	3	0
144	65	2	9	0
146	65	2	6	0
147	65	2	1	0
150	65	2	1	0
151	65	2	11	0
154	65	2	1	0
156	65	2	4	0
157	65	2	6	0
160	65	2	5	0
162	65	2	1	0
164	65	2	4	0
166	65	2	10	0
168	65	2	8	0
171	65	2	12	0
174	65	2	7	0
175	65	2	4	0
177	65	2	3	0
178	65	2	11	0
183	65	2	15	0
185	65	2	4	0
187	65	2	14	0
188	65	2	12	0
191	65	2	7	0
195	65	2	6	0
201	65	2	7	0
203	65	2	14	0
204	65	2	2	0
206	65	2	4	0
207	65	2	5	0
212	65	2	2	0
216	65	2	5	0
218	65	2	13	0
220	65	2	3	0
224	65	2	2	0
226	65	2	8	0
228	65	2	8	0
66	67	2	2	0
66	69	2	2	0
66	73	2	2	0
66	76	2	2	0
66	80	2	2	0
66	85	2	2	0
66	86	2	2	0
91	66	2	1	0
66	96	2	2	0
66	99	2	2	0
66	108	2	2	0
66	111	2	2	0
66	114	2	2	0
66	116	2	2	0
66	117	2	2	0
66	122	2	2	0
66	124	2	2	0
66	127	2	2	0
66	129	2	2	0
66	131	2	2	0
66	133	2	2	0
135	66	2	1	0
66	136	2	2	0
66	139	2	2	0
66	140	2	2	0
66	142	2	2	0
66	145	2	2	0
66	148	2	2	0
66	149	2	2	0
66	152	2	2	0
66	153	2	2	0
66	155	2	2	0
158	66	2	1	0
66	161	2	2	0
66	165	2	2	0
66	167	2	2	0
66	172	2	2	0
66	173	2	2	0
66	176	2	2	0
66	179	2	2	0
66	182	2	2	0
66	184	2	2	0
66	186	2	2	0
66	189	2	2	0
66	190	2	2	0
66	194	2	2	0
66	200	2	2	0
66	202	2	2	0
66	205	2	2	0
66	208	2	2	0
66	211	2	2	0
66	215	2	2	0
66	217	2	2	0
66	219	2	2	0
66	223	2	2	0
66	225	2	2	0
66	227	2	2	0
71	67	2	1	0
81	67	2	1	0
91	67	2	1	0
94	67	2	5	0
96	67	2	4	0
104	67	2	2	0
105	67	2	10	0
106	67	2	2	0
67	111	2	12	0
115	67	2	4	0
126	67	2	4	0
67	133	2	12	0
135	67	2	1	0
67	142	2	12	0
147	67	2	1	0
148	67	2	10	0
67	149	2	12	0
154	67	2	1	0
157	67	2	6	0
158	67	2	1	0
159	67	2	8	0
186	67	2	7	0
204	67	2	2	0
207	67	2	5	0
67	211	2	12	0
68	85	2	2	0
68	92	2	2	0
68	102	2	2	0
68	111	2	2	0
68	116	2	2	0
68	118	2	2	0
68	127	2	2	0
68	133	2	2	0
68	142	2	2	0
68	145	2	2	0
68	149	2	2	0
68	151	2	2	0
68	153	2	2	0
68	161	2	2	0
68	170	2	2	0
68	171	2	2	0
68	176	2	2	0
68	179	2	2	0
68	181	2	2	0
68	183	2	2	0
68	184	2	2	0
68	187	2	2	0
68	194	2	2	0
68	196	2	2	0
68	201	2	2	0
68	203	2	2	0
68	206	2	2	0
68	208	2	2	0
68	214	2	2	0
68	215	2	2	0
68	218	2	2	0
68	219	2	2	0
68	223	2	2	0
68	226	2	2	0
68	227	2	2	0
71	69	2	1	0
79	69	2	2	0
81	69	2	1	0
90	69	2	2	0
91	69	2	1	0
94	69	2	5	0
104	69	2	2	0
106	69	2	2	0
110	69	2	4	0
115	69	2	4	0
69	133	2	15	0
135	69	2	1	0
69	142	2	15	0
146	69	2	6	0
150	69	2	1	0
154	69	2	1	0
158	69	2	1	0
185	69	2	4	0
189	69	2	9	0
204	69	2	2	0
207	69	2	5	0
69	211	2	15	0
220	69	2	3	0
224	69	2	2	0
77	70	2	1	0
82	70	2	3	0
101	70	2	1	0
70	116	2	6	0
132	70	2	1	0
134	70	2	1	0
143	70	2	3	0
147	70	2	1	0
70	149	2	6	0
70	153	2	6	0
162	70	2	1	0
70	184	2	6	0
70	188	2	6	0
70	208	2	6	0
212	70	2	2	0
70	219	2	6	0
70	223	2	6	0
71	72	2	1	0
71	74	2	1	0
71	78	2	1	0
71	80	2	1	0
71	85	2	1	0
71	86	2	1	0
71	90	2	1	0
71	92	2	1	0
71	94	2	1	0
71	97	2	1	0
71	99	2	1	0
71	102	2	1	0
71	105	2	1	0
71	108	2	1	0
71	111	2	1	0
71	113	2	1	0
71	116	2	1	0
71	117	2	1	0
71	120	2	1	0
71	121	2	1	0
71	123	2	1	0
71	127	2	1	0
71	128	2	1	0
71	131	2	1	0
71	133	2	1	0
71	136	2	1	0
71	139	2	1	0
71	140	2	1	0
71	142	2	1	0
71	144	2	1	0
71	146	2	1	0
71	148	2	1	0
71	149	2	1	0
71	152	2	1	0
71	153	2	1	0
71	155	2	1	0
71	157	2	1	0
71	159	2	1	0
71	161	2	1	0
71	165	2	1	0
71	167	2	1	0
71	170	2	1	0
71	172	2	1	0
71	173	2	1	0
71	176	2	1	0
71	179	2	1	0
71	180	2	1	0
71	183	2	1	0
71	185	2	1	0
71	187	2	1	0
71	189	2	1	0
71	190	2	1	0
71	192	2	1	0
71	194	2	1	0
71	197	2	1	0
71	198	2	1	0
71	201	2	1	0
71	203	2	1	0
71	205	2	1	0
71	207	2	1	0
71	210	2	1	0
71	211	2	1	0
71	214	2	1	0
71	215	2	1	0
71	218	2	1	0
71	219	2	1	0
71	222	2	1	0
71	223	2	1	0
71	225	2	1	0
71	228	2	1	0
78	72	2	4	0
81	72	2	1	0
82	72	2	3	0
84	72	2	5	0
87	72	2	2	0
94	72	2	5	0
95	72	2	3	0
72	102	2	12	0
72	111	2	12	0
113	72	2	9	0
115	72	2	4	0
126	72	2	4	0
72	133	2	12	0
138	72	2	6	0
147	72	2	1	0
72	149	2	12	0
154	72	2	1	0
157	72	2	6	0
160	72	2	5	0
164	72	2	4	0
174	72	2	7	0
72	176	2	12	0
204	72	2	2	0
207	72	2	5	0
76	73	2	4	0
77	73	2	1	0
79	73	2	2	0
73	80	2	7	0
73	85	2	7	0
73	86	2	7	0
91	73	2	1	0
101	73	2	1	0
104	73	2	2	0
106	73	2	2	0
73	111	2	7	0
73	114	2	7	0
73	116	2	7	0
73	127	2	7	0
132	73	2	1	0
73	133	2	7	0
135	73	2	1	0
73	139	2	7	0
73	149	2	7	0
73	153	2	7	0
158	73	2	1	0
73	161	2	7	0
73	165	2	7	0
73	184	2	7	0
73	208	2	7	0
73	211	2	7	0
73	219	2	7	0
73	223	2	7	0
73	227	2	7	0
81	74	2	1	0
82	74	2	3	0
84	74	2	5	0
87	74	2	2	0
90	74	2	2	0
95	74	2	3	0
110	74	2	4	0
115	74	2	4	0
126	74	2	4	0
74	133	2	13	0
147	74	2	1	0
150	74	2	1	0
154	74	2	1	0
160	74	2	5	0
164	74	2	4	0
74	176	2	13	0
185	74	2	4	0
204	74	2	2	0
207	74	2	5	0
220	74	2	3	0
224	74	2	2	0
75	85	2	3	0
75	86	2	3	0
75	92	2	3	0
75	116	2	3	0
75	118	2	3	0
75	121	2	3	0
75	123	2	3	0
75	127	2	3	0
75	130	2	3	0
134	75	2	1	0
75	145	2	3	0
75	149	2	3	0
75	151	2	3	0
75	153	2	3	0
162	75	2	1	0
75	165	2	3	0
75	169	2	3	0
75	181	2	3	0
75	182	2	3	0
75	184	2	3	0
75	187	2	3	0
75	188	2	3	0
75	191	2	3	0
75	194	2	3	0
75	198	2	3	0
75	203	2	3	0
75	205	2	3	0
75	208	2	3	0
75	209	2	3	0
75	214	2	3	0
75	215	2	3	0
75	218	2	3	0
75	219	2	3	0
75	223	2	3	0
76	80	2	4	0
76	85	2	4	0
76	86	2	4	0
91	76	2	1	0
106	76	2	2	0
76	111	2	4	0
76	114	2	4	0
76	116	2	4	0
76	127	2	4	0
76	129	2	4	0
76	133	2	4	0
135	76	2	1	0
76	136	2	4	0
76	139	2	4	0
76	140	2	4	0
76	142	2	4	0
76	149	2	4	0
76	153	2	4	0
158	76	2	1	0
76	161	2	4	0
76	165	2	4	0
76	176	2	4	0
76	179	2	4	0
76	182	2	4	0
76	184	2	4	0
76	208	2	4	0
76	211	2	4	0
76	215	2	4	0
76	219	2	4	0
76	223	2	4	0
76	227	2	4	0
77	80	2	1	0
77	85	2	1	0
77	86	2	1	0
77	89	2	1	0
77	92	2	1	0
77	99	2	1	0
77	103	2	1	0
77	109	2	1	0
77	111	2	1	0
77	114	2	1	0
77	116	2	1	0
77	117	2	1	0
77	119	2	1	0
77	122	2	1	0
77	124	2	1	0
77	125	2	1	0
77	127	2	1	0
77	128	2	1	0
77	133	2	1	0
77	137	2	1	0
77	139	2	1	0
77	141	2	1	0
77	143	2	1	0
77	145	2	1	0
77	149	2	1	0
77	151	2	1	0
77	153	2	1	0
77	156	2	1	0
77	161	2	1	0
77	163	2	1	0
77	165	2	1	0
77	167	2	1	0
77	168	2	1	0
77	169	2	1	0
77	172	2	1	0
77	175	2	1	0
77	177	2	1	0
77	178	2	1	0
77	181	2	1	0
77	183	2	1	0
77	184	2	1	0
77	187	2	1	0
77	188	2	1	0
77	191	2	1	0
77	193	2	1	0
77	195	2	1	0
77	196	2	1	0
77	199	2	1	0
77	200	2	1	0
77	203	2	1	0
77	205	2	1	0
77	208	2	1	0
77	209	2	1	0
77	211	2	1	0
77	213	2	1	0
77	216	2	1	0
77	218	2	1	0
77	219	2	1	0
77	221	2	1	0
77	223	2	1	0
77	226	2	1	0
77	227	2	1	0
78	97	2	4	0
78	99	2	4	0
78	102	2	4	0
78	108	2	4	0
78	111	2	4	0
78	113	2	4	0
78	116	2	4	0
78	127	2	4	0
78	128	2	4	0
78	133	2	4	0
78	149	2	4	0
78	153	2	4	0
78	155	2	4	0
78	161	2	4	0
78	176	2	4	0
78	183	2	4	0
78	187	2	4	0
78	192	2	4	0
78	194	2	4	0
78	203	2	4	0
78	214	2	4	0
78	215	2	4	0
78	218	2	4	0
78	219	2	4	0
78	222	2	4	0
78	223	2	4	0
79	80	2	2	0
79	85	2	2	0
79	86	2	2	0
79	111	2	2	0
79	114	2	2	0
79	116	2	2	0
79	117	2	2	0
79	127	2	2	0
79	129	2	2	0
79	133	2	2	0
79	136	2	2	0
79	139	2	2	0
79	142	2	2	0
79	145	2	2	0
79	149	2	2	0
79	153	2	2	0
79	155	2	2	0
158	79	2	1	0
79	161	2	2	0
79	165	2	2	0
79	167	2	2	0
79	170	2	2	0
79	173	2	2	0
79	176	2	2	0
79	179	2	2	0
79	181	2	2	0
79	182	2	2	0
79	184	2	2	0
79	189	2	2	0
79	190	2	2	0
79	194	2	2	0
79	205	2	2	0
79	208	2	2	0
79	211	2	2	0
79	215	2	2	0
79	219	2	2	0
79	221	2	2	0
79	223	2	2	0
79	227	2	2	0
80	86	2	13	0
89	80	2	2	0
91	80	2	1	0
101	80	2	1	0
104	80	2	2	0
106	80	2	2	0
80	111	2	13	0
132	80	2	1	0
80	133	2	13	0
135	80	2	1	0
80	149	2	13	0
154	80	2	1	0
158	80	2	1	0
80	211	2	13	0
81	84	2	1	0
81	87	2	1	0
81	93	2	1	0
81	102	2	1	0
81	105	2	1	0
81	107	2	1	0
81	111	2	1	0
81	113	2	1	0
81	115	2	1	0
81	118	2	1	0
81	119	2	1	0
81	121	2	1	0
81	123	2	1	0
81	126	2	1	0
81	128	2	1	0
81	130	2	1	0
81	133	2	1	0
81	137	2	1	0
81	139	2	1	0
81	141	2	1	0
81	142	2	1	0
81	144	2	1	0
81	148	2	1	0
81	149	2	1	0
81	151	2	1	0
81	153	2	1	0
81	155	2	1	0
81	159	2	1	0
81	160	2	1	0
81	165	2	1	0
81	166	2	1	0
81	168	2	1	0
81	169	2	1	0
81	172	2	1	0
81	173	2	1	0
81	176	2	1	0
81	178	2	1	0
81	180	2	1	0
81	183	2	1	0
81	184	2	1	0
81	186	2	1	0
81	188	2	1	0
81	190	2	1	0
81	192	2	1	0
81	194	2	1	0
81	197	2	1	0
81	198	2	1	0
81	200	2	1	0
81	202	2	1	0
81	204	2	1	0
81	207	2	1	0
81	210	2	1	0
81	211	2	1	0
81	213	2	1	0
81	215	2	1	0
81	217	2	1	0
81	219	2	1	0
81	221	2	1	0
81	223	2	1	0
81	225	2	1	0
81	227	2	1	0
82	102	2	3	0
82	111	2	3	0
82	116	2	3	0
82	128	2	3	0
82	133	2	3	0
147	82	2	1	0
82	149	2	3	0
82	153	2	3	0
82	171	2	3	0
82	176	2	3	0
82	181	2	3	0
82	184	2	3	0
82	188	2	3	0
82	192	2	3	0
82	194	2	3	0
82	208	2	3	0
82	215	2	3	0
82	219	2	3	0
82	222	2	3	0
82	223	2	3	0
83	85	2	4	0
83	86	2	4	0
83	92	2	4	0
112	83	2	2	0
83	127	2	4	0
134	83	2	1	0
150	83	2	1	0
83	153	2	4	0
162	83	2	1	0
83	165	2	4	0
83	181	2	4	0
83	187	2	4	0
83	203	2	4	0
83	221	2	4	0
84	102	2	5	0
84	111	2	5	0
84	119	2	5	0
126	84	2	4	0
84	128	2	5	0
84	133	2	5	0
147	84	2	1	0
84	149	2	5	0
84	153	2	5	0
84	176	2	5	0
84	184	2	5	0
84	188	2	5	0
84	192	2	5	0
204	84	2	2	0
84	211	2	5	0
84	215	2	5	0
84	219	2	5	0
84	223	2	5	0
89	85	2	2	0
90	85	2	2	0
91	85	2	1	0
101	85	2	1	0
103	85	2	3	0
104	85	2	2	0
106	85	2	2	0
109	85	2	3	0
110	85	2	4	0
112	85	2	2	0
120	85	2	5	0
85	127	2	16	0
129	85	2	9	0
132	85	2	1	0
134	85	2	1	0
135	85	2	1	0
150	85	2	1	0
154	85	2	1	0
158	85	2	1	0
162	85	2	1	0
175	85	2	4	0
177	85	2	3	0
182	85	2	11	0
185	85	2	4	0
189	85	2	9	0
191	85	2	7	0
193	85	2	8	0
206	85	2	4	0
212	85	2	2	0
216	85	2	5	0
220	85	2	3	0
224	85	2	2	0
88	86	2	5	0
89	86	2	2	0
90	86	2	2	0
91	86	2	1	0
94	86	2	5	0
96	86	2	4	0
98	86	2	5	0
100	86	2	4	0
101	86	2	1	0
103	86	2	3	0
104	86	2	2	0
106	86	2	2	0
109	86	2	3	0
110	86	2	4	0
112	86	2	2	0
114	86	2	12	0
117	86	2	12	0
129	86	2	9	0
132	86	2	1	0
134	86	2	1	0
135	86	2	1	0
136	86	2	12	0
140	86	2	11	0
143	86	2	3	0
146	86	2	6	0
147	86	2	1	0
150	86	2	1	0
152	86	2	10	0
154	86	2	1	0
156	86	2	4	0
157	86	2	6	0
158	86	2	1	0
162	86	2	1	0
163	86	2	13	0
175	86	2	4	0
177	86	2	3	0
182	86	2	11	0
185	86	2	4	0
189	86	2	9	0
193	86	2	8	0
195	86	2	6	0
205	86	2	15	0
216	86	2	5	0
220	86	2	3	0
224	86	2	2	0
228	86	2	8	0
87	102	2	2	0
87	111	2	2	0
87	113	2	2	0
87	118	2	2	0
87	128	2	2	0
87	133	2	2	0
87	137	2	2	0
87	141	2	2	0
87	142	2	2	0
87	149	2	2	0
87	151	2	2	0
87	153	2	2	0
87	155	2	2	0
87	168	2	2	0
87	176	2	2	0
87	183	2	2	0
87	184	2	2	0
87	188	2	2	0
87	192	2	2	0
87	194	2	2	0
87	215	2	2	0
87	219	2	2	0
87	223	2	2	0
87	227	2	2	0
91	88	2	1	0
88	116	2	5	0
88	119	2	5	0
134	88	2	1	0
135	88	2	1	0
147	88	2	1	0
88	149	2	5	0
88	153	2	5	0
162	88	2	1	0
88	184	2	5	0
88	194	2	5	0
88	205	2	5	0
88	208	2	5	0
88	215	2	5	0
88	219	2	5	0
88	223	2	5	0
89	92	2	2	0
89	99	2	2	0
101	89	2	1	0
89	111	2	2	0
89	116	2	2	0
89	125	2	2	0
89	127	2	2	0
89	128	2	2	0
132	89	2	1	0
89	133	2	2	0
89	137	2	2	0
89	145	2	2	0
89	149	2	2	0
89	151	2	2	0
89	153	2	2	0
89	161	2	2	0
89	165	2	2	0
89	169	2	2	0
89	178	2	2	0
89	181	2	2	0
89	183	2	2	0
89	184	2	2	0
89	187	2	2	0
89	188	2	2	0
89	191	2	2	0
89	200	2	2	0
89	203	2	2	0
89	205	2	2	0
89	208	2	2	0
89	209	2	2	0
89	211	2	2	0
89	218	2	2	0
89	219	2	2	0
89	223	2	2	0
89	227	2	2	0
90	92	2	2	0
90	97	2	2	0
90	99	2	2	0
90	102	2	2	0
90	108	2	2	0
90	116	2	2	0
90	127	2	2	0
90	131	2	2	0
90	133	2	2	0
90	136	2	2	0
90	139	2	2	0
90	142	2	2	0
90	146	2	2	0
150	90	2	1	0
90	152	2	2	0
90	153	2	2	0
90	155	2	2	0
90	161	2	2	0
90	165	2	2	0
90	173	2	2	0
90	176	2	2	0
90	183	2	2	0
90	185	2	2	0
90	187	2	2	0
90	189	2	2	0
90	192	2	2	0
90	198	2	2	0
90	203	2	2	0
90	211	2	2	0
90	218	2	2	0
90	225	2	2	0
90	228	2	2	0
91	92	2	1	0
91	96	2	1	0
91	99	2	1	0
91	102	2	1	0
91	106	2	1	0
91	108	2	1	0
91	111	2	1	0
91	114	2	1	0
91	116	2	1	0
91	117	2	1	0
91	119	2	1	0
91	122	2	1	0
91	124	2	1	0
91	127	2	1	0
91	129	2	1	0
91	131	2	1	0
91	133	2	1	0
91	136	2	1	0
91	139	2	1	0
91	140	2	1	0
91	142	2	1	0
91	145	2	1	0
91	148	2	1	0
91	149	2	1	0
91	152	2	1	0
91	153	2	1	0
91	155	2	1	0
91	159	2	1	0
91	161	2	1	0
91	163	2	1	0
91	165	2	1	0
91	167	2	1	0
91	169	2	1	0
91	172	2	1	0
91	173	2	1	0
91	176	2	1	0
91	179	2	1	0
91	180	2	1	0
91	182	2	1	0
91	184	2	1	0
91	186	2	1	0
91	189	2	1	0
91	190	2	1	0
91	193	2	1	0
91	194	2	1	0
91	196	2	1	0
91	198	2	1	0
91	200	2	1	0
91	202	2	1	0
91	205	2	1	0
91	208	2	1	0
91	210	2	1	0
91	211	2	1	0
91	214	2	1	0
91	215	2	1	0
91	217	2	1	0
91	219	2	1	0
91	222	2	1	0
91	223	2	1	0
91	225	2	1	0
91	227	2	1	0
95	92	2	3	0
98	92	2	5	0
100	92	2	4	0
101	92	2	1	0
103	92	2	3	0
109	92	2	3	0
110	92	2	4	0
112	92	2	2	0
132	92	2	1	0
134	92	2	1	0
135	92	2	1	0
146	92	2	6	0
147	92	2	1	0
150	92	2	1	0
154	92	2	1	0
156	92	2	4	0
157	92	2	6	0
162	92	2	1	0
175	92	2	4	0
177	92	2	3	0
185	92	2	4	0
191	92	2	7	0
193	92	2	8	0
206	92	2	4	0
212	92	2	2	0
216	92	2	5	0
220	92	2	3	0
224	92	2	2	0
93	111	2	4	0
93	133	2	4	0
93	149	2	4	0
93	153	2	4	0
93	155	2	4	0
158	93	2	1	0
93	176	2	4	0
93	184	2	4	0
93	192	2	4	0
93	211	2	4	0
93	215	2	4	0
93	219	2	4	0
93	223	2	4	0
94	102	2	5	0
94	105	2	5	0
94	111	2	5	0
94	113	2	5	0
94	121	2	5	0
94	128	2	5	0
94	133	2	5	0
94	142	2	5	0
94	149	2	5	0
94	153	2	5	0
94	155	2	5	0
94	176	2	5	0
94	183	2	5	0
94	192	2	5	0
94	198	2	5	0
94	211	2	5	0
94	219	2	5	0
94	223	2	5	0
94	225	2	5	0
95	102	2	3	0
95	111	2	3	0
95	116	2	3	0
95	133	2	3	0
95	142	2	3	0
147	95	2	1	0
95	149	2	3	0
154	95	2	1	0
95	170	2	3	0
95	171	2	3	0
95	176	2	3	0
95	208	2	3	0
106	96	2	2	0
96	111	2	4	0
96	116	2	4	0
96	117	2	4	0
96	133	2	4	0
135	96	2	1	0
96	139	2	4	0
96	142	2	4	0
147	96	2	1	0
96	148	2	4	0
96	149	2	4	0
96	152	2	4	0
154	96	2	1	0
158	96	2	1	0
96	176	2	4	0
96	190	2	4	0
96	200	2	4	0
96	208	2	4	0
96	211	2	4	0
96	225	2	4	0
97	102	2	7	0
97	127	2	7	0
97	133	2	7	0
150	97	2	1	0
97	153	2	7	0
97	155	2	7	0
97	161	2	7	0
97	176	2	7	0
97	183	2	7	0
97	192	2	7	0
97	203	2	7	0
98	111	2	5	0
98	114	2	5	0
98	116	2	5	0
98	119	2	5	0
98	121	2	5	0
98	123	2	5	0
98	130	2	5	0
98	133	2	5	0
98	139	2	5	0
98	142	2	5	0
147	98	2	1	0
98	149	2	5	0
98	153	2	5	0
98	163	2	5	0
98	165	2	5	0
98	184	2	5	0
98	198	2	5	0
98	208	2	5	0
98	211	2	5	0
98	215	2	5	0
98	219	2	5	0
98	223	2	5	0
101	99	2	1	0
106	99	2	2	0
112	99	2	2	0
99	116	2	12	0
122	99	2	9	0
99	127	2	12	0
131	99	2	8	0
132	99	2	1	0
134	99	2	1	0
135	99	2	1	0
143	99	2	3	0
150	99	2	1	0
154	99	2	1	0
158	99	2	1	0
162	99	2	1	0
185	99	2	4	0
199	99	2	5	0
212	99	2	2	0
220	99	2	3	0
224	99	2	2	0
100	116	2	4	0
100	121	2	4	0
100	123	2	4	0
100	130	2	4	0
134	100	2	1	0
147	100	2	1	0
100	149	2	4	0
100	153	2	4	0
162	100	2	1	0
100	165	2	4	0
100	181	2	4	0
100	184	2	4	0
100	194	2	4	0
100	198	2	4	0
100	205	2	4	0
100	208	2	4	0
100	215	2	4	0
100	219	2	4	0
100	223	2	4	0
101	103	2	1	0
101	109	2	1	0
101	111	2	1	0
101	114	2	1	0
101	116	2	1	0
101	117	2	1	0
101	119	2	1	0
101	122	2	1	0
101	124	2	1	0
101	125	2	1	0
101	127	2	1	0
101	128	2	1	0
101	133	2	1	0
101	137	2	1	0
101	139	2	1	0
101	141	2	1	0
101	143	2	1	0
101	145	2	1	0
101	149	2	1	0
101	151	2	1	0
101	153	2	1	0
101	156	2	1	0
101	161	2	1	0
101	163	2	1	0
101	165	2	1	0
101	167	2	1	0
101	168	2	1	0
101	169	2	1	0
101	172	2	1	0
101	175	2	1	0
101	177	2	1	0
101	178	2	1	0
101	181	2	1	0
101	183	2	1	0
101	184	2	1	0
101	187	2	1	0
101	188	2	1	0
101	191	2	1	0
101	193	2	1	0
101	195	2	1	0
101	196	2	1	0
101	199	2	1	0
101	200	2	1	0
101	203	2	1	0
101	205	2	1	0
101	208	2	1	0
101	209	2	1	0
101	211	2	1	0
101	213	2	1	0
101	216	2	1	0
101	218	2	1	0
101	219	2	1	0
101	221	2	1	0
101	223	2	1	0
101	226	2	1	0
101	227	2	1	0
107	102	2	5	0
113	102	2	9	0
115	102	2	4	0
126	102	2	4	0
102	133	2	16	0
135	102	2	1	0
138	102	2	6	0
144	102	2	9	0
146	102	2	6	0
147	102	2	1	0
150	102	2	1	0
154	102	2	1	0
157	102	2	6	0
159	102	2	8	0
160	102	2	5	0
164	102	2	4	0
174	102	2	7	0
102	176	2	16	0
180	102	2	7	0
185	102	2	4	0
204	102	2	2	0
206	102	2	4	0
207	102	2	5	0
220	102	2	3	0
222	102	2	7	0
224	102	2	2	0
103	114	2	3	0
103	116	2	3	0
103	119	2	3	0
103	127	2	3	0
132	103	2	1	0
134	103	2	1	0
103	139	2	3	0
103	141	2	3	0
103	145	2	3	0
103	149	2	3	0
103	151	2	3	0
103	153	2	3	0
162	103	2	1	0
103	163	2	3	0
103	165	2	3	0
103	167	2	3	0
103	181	2	3	0
103	184	2	3	0
103	187	2	3	0
103	193	2	3	0
103	196	2	3	0
103	203	2	3	0
103	205	2	3	0
103	208	2	3	0
103	218	2	3	0
103	219	2	3	0
103	221	2	3	0
103	223	2	3	0
103	226	2	3	0
104	111	2	2	0
104	114	2	2	0
104	116	2	2	0
104	127	2	2	0
104	129	2	2	0
104	133	2	2	0
104	136	2	2	0
104	139	2	2	0
104	140	2	2	0
104	142	2	2	0
104	145	2	2	0
104	149	2	2	0
104	153	2	2	0
104	155	2	2	0
158	104	2	1	0
104	161	2	2	0
104	165	2	2	0
104	172	2	2	0
104	179	2	2	0
104	181	2	2	0
104	182	2	2	0
104	184	2	2	0
104	194	2	2	0
104	205	2	2	0
104	208	2	2	0
104	209	2	2	0
104	211	2	2	0
104	215	2	2	0
104	219	2	2	0
104	221	2	2	0
104	223	2	2	0
104	227	2	2	0
105	111	2	10	0
115	105	2	4	0
126	105	2	4	0
105	133	2	10	0
105	142	2	10	0
147	105	2	1	0
105	149	2	10	0
154	105	2	1	0
157	105	2	6	0
105	198	2	10	0
204	105	2	2	0
207	105	2	5	0
105	211	2	10	0
106	108	2	2	0
106	111	2	2	0
106	114	2	2	0
106	116	2	2	0
106	117	2	2	0
106	122	2	2	0
106	124	2	2	0
106	127	2	2	0
106	129	2	2	0
106	131	2	2	0
106	133	2	2	0
135	106	2	1	0
106	136	2	2	0
106	139	2	2	0
106	140	2	2	0
106	142	2	2	0
106	145	2	2	0
106	148	2	2	0
106	149	2	2	0
106	152	2	2	0
106	153	2	2	0
106	155	2	2	0
158	106	2	1	0
106	161	2	2	0
106	165	2	2	0
106	167	2	2	0
106	172	2	2	0
106	173	2	2	0
106	176	2	2	0
106	179	2	2	0
106	182	2	2	0
106	184	2	2	0
106	186	2	2	0
106	189	2	2	0
106	190	2	2	0
106	194	2	2	0
106	200	2	2	0
106	202	2	2	0
106	205	2	2	0
106	208	2	2	0
106	211	2	2	0
106	215	2	2	0
106	217	2	2	0
106	219	2	2	0
106	223	2	2	0
106	225	2	2	0
106	227	2	2	0
107	111	2	5	0
107	119	2	5	0
107	121	2	5	0
107	123	2	5	0
126	107	2	4	0
107	130	2	5	0
107	133	2	5	0
107	142	2	5	0
147	107	2	1	0
107	149	2	5	0
107	153	2	5	0
107	166	2	5	0
107	176	2	5	0
107	184	2	5	0
107	190	2	5	0
107	198	2	5	0
204	107	2	2	0
107	211	2	5	0
107	215	2	5	0
107	219	2	5	0
107	223	2	5	0
108	116	2	9	0
108	127	2	9	0
108	133	2	9	0
135	108	2	1	0
150	108	2	1	0
108	153	2	9	0
108	155	2	9	0
158	108	2	1	0
108	161	2	9	0
108	176	2	9	0
109	114	2	3	0
109	116	2	3	0
109	119	2	3	0
109	127	2	3	0
132	109	2	1	0
134	109	2	1	0
109	139	2	3	0
109	145	2	3	0
109	149	2	3	0
109	151	2	3	0
109	153	2	3	0
162	109	2	1	0
109	163	2	3	0
109	165	2	3	0
109	168	2	3	0
109	169	2	3	0
109	172	2	3	0
109	175	2	3	0
109	181	2	3	0
109	184	2	3	0
109	187	2	3	0
109	188	2	3	0
109	191	2	3	0
109	193	2	3	0
109	196	2	3	0
109	203	2	3	0
109	205	2	3	0
109	208	2	3	0
109	209	2	3	0
109	218	2	3	0
109	219	2	3	0
109	221	2	3	0
109	223	2	3	0
109	226	2	3	0
110	111	2	4	0
110	117	2	4	0
110	127	2	4	0
110	133	2	4	0
110	142	2	4	0
110	149	2	4	0
154	110	2	1	0
110	155	2	4	0
110	176	2	4	0
110	183	2	4	0
110	187	2	4	0
110	190	2	4	0
110	203	2	4	0
110	211	2	4	0
110	221	2	4	0
113	111	2	9	0
115	111	2	4	0
117	111	2	12	0
120	111	2	5	0
126	111	2	4	0
132	111	2	1	0
111	133	2	19	0
135	111	2	1	0
138	111	2	6	0
140	111	2	11	0
144	111	2	9	0
147	111	2	1	0
148	111	2	10	0
111	149	2	19	0
154	111	2	1	0
157	111	2	6	0
158	111	2	1	0
159	111	2	8	0
160	111	2	5	0
164	111	2	4	0
170	111	2	10	0
174	111	2	7	0
180	111	2	7	0
186	111	2	7	0
190	111	2	13	0
197	111	2	9	0
199	111	2	5	0
202	111	2	7	0
204	111	2	2	0
207	111	2	5	0
210	111	2	10	0
217	111	2	8	0
222	111	2	7	0
227	111	2	13	0
112	114	2	2	0
112	116	2	2	0
112	118	2	2	0
112	119	2	2	0
112	125	2	2	0
112	127	2	2	0
134	112	2	1	0
112	139	2	2	0
112	141	2	2	0
112	145	2	2	0
150	112	2	1	0
112	153	2	2	0
162	112	2	1	0
112	163	2	2	0
112	165	2	2	0
112	169	2	2	0
112	181	2	2	0
112	182	2	2	0
112	187	2	2	0
112	191	2	2	0
112	196	2	2	0
112	198	2	2	0
112	203	2	2	0
112	208	2	2	0
112	209	2	2	0
112	218	2	2	0
112	221	2	2	0
112	228	2	2	0
115	113	2	4	0
113	133	2	9	0
113	149	2	9	0
154	113	2	1	0
113	155	2	9	0
164	113	2	4	0
113	176	2	9	0
113	183	2	9	0
204	113	2	2	0
114	116	2	12	0
132	114	2	1	0
134	114	2	1	0
135	114	2	1	0
147	114	2	1	0
150	114	2	1	0
114	153	2	12	0
156	114	2	4	0
158	114	2	1	0
162	114	2	1	0
114	165	2	12	0
175	114	2	4	0
177	114	2	3	0
115	121	2	4	0
115	128	2	4	0
115	130	2	4	0
115	133	2	4	0
115	142	2	4	0
115	144	2	4	0
115	149	2	4	0
115	153	2	4	0
115	155	2	4	0
115	166	2	4	0
115	176	2	4	0
115	178	2	4	0
115	183	2	4	0
115	184	2	4	0
115	188	2	4	0
115	190	2	4	0
115	192	2	4	0
115	198	2	4	0
115	200	2	4	0
204	115	2	2	0
115	211	2	4	0
115	213	2	4	0
115	217	2	4	0
115	219	2	4	0
115	223	2	4	0
115	225	2	4	0
122	116	2	9	0
125	116	2	7	0
129	116	2	9	0
131	116	2	8	0
132	116	2	1	0
134	116	2	1	0
135	116	2	1	0
143	116	2	3	0
145	116	2	12	0
147	116	2	1	0
150	116	2	1	0
154	116	2	1	0
156	116	2	4	0
158	116	2	1	0
162	116	2	1	0
167	116	2	11	0
175	116	2	4	0
177	116	2	3	0
179	116	2	10	0
182	116	2	11	0
185	116	2	4	0
189	116	2	9	0
191	116	2	7	0
193	116	2	8	0
199	116	2	5	0
201	116	2	7	0
206	116	2	4	0
212	116	2	2	0
214	116	2	10	0
218	116	2	13	0
220	116	2	3	0
224	116	2	2	0
226	116	2	8	0
132	117	2	1	0
117	133	2	12	0
135	117	2	1	0
147	117	2	1	0
117	149	2	12	0
154	117	2	1	0
158	117	2	1	0
117	211	2	12	0
134	118	2	1	0
150	118	2	1	0
118	153	2	9	0
162	118	2	1	0
212	118	2	2	0
126	119	2	4	0
132	119	2	1	0
134	119	2	1	0
135	119	2	1	0
143	119	2	3	0
147	119	2	1	0
150	119	2	1	0
154	119	2	1	0
156	119	2	4	0
160	119	2	5	0
162	119	2	1	0
163	119	2	13	0
175	119	2	4	0
177	119	2	3	0
193	119	2	8	0
195	119	2	6	0
204	119	2	2	0
220	119	2	3	0
224	119	2	2	0
120	127	2	5	0
120	133	2	5	0
120	142	2	5	0
120	149	2	5	0
120	153	2	5	0
120	155	2	5	0
158	120	2	1	0
120	161	2	5	0
120	176	2	5	0
120	192	2	5	0
120	194	2	5	0
120	219	2	5	0
120	223	2	5	0
126	121	2	4	0
134	121	2	1	0
147	121	2	1	0
121	149	2	12	0
121	153	2	12	0
162	121	2	1	0
121	198	2	12	0
204	121	2	2	0
121	219	2	12	0
121	223	2	12	0
122	127	2	9	0
132	122	2	1	0
122	133	2	9	0
135	122	2	1	0
150	122	2	1	0
154	122	2	1	0
158	122	2	1	0
199	122	2	5	0
220	122	2	3	0
224	122	2	2	0
126	123	2	4	0
134	123	2	1	0
147	123	2	1	0
123	149	2	13	0
123	153	2	13	0
160	123	2	5	0
162	123	2	1	0
204	123	2	2	0
123	223	2	13	0
124	127	2	8	0
132	124	2	1	0
124	133	2	8	0
135	124	2	1	0
150	124	2	1	0
154	124	2	1	0
158	124	2	1	0
124	161	2	8	0
224	124	2	2	0
125	127	2	7	0
132	125	2	1	0
134	125	2	1	0
143	125	2	3	0
150	125	2	1	0
125	153	2	7	0
162	125	2	1	0
125	187	2	7	0
125	208	2	7	0
212	125	2	2	0
125	218	2	7	0
126	128	2	4	0
126	130	2	4	0
126	133	2	4	0
126	142	2	4	0
126	144	2	4	0
147	126	2	1	0
126	149	2	4	0
126	153	2	4	0
126	160	2	4	0
126	166	2	4	0
126	176	2	4	0
126	178	2	4	0
126	184	2	4	0
126	186	2	4	0
126	188	2	4	0
126	190	2	4	0
126	192	2	4	0
126	198	2	4	0
126	200	2	4	0
126	202	2	4	0
204	126	2	2	0
126	211	2	4	0
126	213	2	4	0
126	215	2	4	0
126	217	2	4	0
126	219	2	4	0
126	223	2	4	0
126	225	2	4	0
129	127	2	9	0
131	127	2	8	0
132	127	2	1	0
134	127	2	1	0
135	127	2	1	0
143	127	2	3	0
145	127	2	12	0
150	127	2	1	0
154	127	2	1	0
158	127	2	1	0
161	127	2	15	0
162	127	2	1	0
167	127	2	11	0
175	127	2	4	0
177	127	2	3	0
179	127	2	10	0
182	127	2	11	0
185	127	2	4	0
187	127	2	14	0
189	127	2	9	0
191	127	2	7	0
193	127	2	8	0
199	127	2	5	0
201	127	2	7	0
203	127	2	14	0
206	127	2	4	0
212	127	2	2	0
214	127	2	10	0
216	127	2	5	0
218	127	2	13	0
220	127	2	3	0
224	127	2	2	0
226	127	2	8	0
132	128	2	1	0
134	128	2	1	0
137	128	2	9	0
143	128	2	3	0
147	128	2	1	0
128	149	2	12	0
128	153	2	12	0
157	128	2	6	0
162	128	2	1	0
204	128	2	2	0
207	128	2	5	0
212	128	2	2	0
128	223	2	12	0
129	133	2	9	0
135	129	2	1	0
129	136	2	9	0
129	142	2	9	0
150	129	2	1	0
154	129	2	1	0
158	129	2	1	0
129	208	2	9	0
129	211	2	9	0
224	129	2	2	0
134	130	2	1	0
147	130	2	1	0
130	149	2	12	0
154	130	2	1	0
162	130	2	1	0
130	198	2	12	0
204	130	2	2	0
131	133	2	8	0
135	131	2	1	0
150	131	2	1	0
131	153	2	8	0
131	155	2	8	0
158	131	2	1	0
131	176	2	8	0
132	133	2	1	0
132	137	2	1	0
132	139	2	1	0
132	141	2	1	0
132	143	2	1	0
132	145	2	1	0
132	149	2	1	0
132	151	2	1	0
132	153	2	1	0
132	156	2	1	0
132	161	2	1	0
132	163	2	1	0
132	165	2	1	0
132	167	2	1	0
132	168	2	1	0
132	169	2	1	0
132	172	2	1	0
132	175	2	1	0
132	177	2	1	0
132	178	2	1	0
132	181	2	1	0
132	183	2	1	0
132	184	2	1	0
132	187	2	1	0
132	188	2	1	0
132	191	2	1	0
132	193	2	1	0
132	195	2	1	0
132	196	2	1	0
132	199	2	1	0
132	200	2	1	0
132	203	2	1	0
132	205	2	1	0
132	208	2	1	0
132	209	2	1	0
132	211	2	1	0
132	213	2	1	0
132	216	2	1	0
132	218	2	1	0
132	219	2	1	0
132	221	2	1	0
132	223	2	1	0
132	226	2	1	0
132	227	2	1	0
135	133	2	1	0
136	133	2	12	0
138	133	2	6	0
140	133	2	11	0
142	133	2	18	0
144	133	2	9	0
146	133	2	6	0
147	133	2	1	0
148	133	2	10	0
150	133	2	1	0
152	133	2	10	0
154	133	2	1	0
155	133	2	17	0
157	133	2	6	0
158	133	2	1	0
159	133	2	8	0
160	133	2	5	0
161	133	2	15	0
164	133	2	4	0
166	133	2	10	0
170	133	2	10	0
171	133	2	12	0
173	133	2	10	0
174	133	2	7	0
176	133	2	18	0
178	133	2	11	0
180	133	2	7	0
183	133	2	15	0
185	133	2	4	0
186	133	2	7	0
189	133	2	9	0
190	133	2	13	0
192	133	2	13	0
195	133	2	6	0
197	133	2	9	0
199	133	2	5	0
200	133	2	14	0
202	133	2	7	0
204	133	2	2	0
206	133	2	4	0
207	133	2	5	0
210	133	2	10	0
211	133	2	19	0
213	133	2	11	0
216	133	2	5	0
217	133	2	8	0
220	133	2	3	0
222	133	2	7	0
224	133	2	2	0
225	133	2	13	0
227	133	2	13	0
134	137	2	1	0
134	139	2	1	0
134	141	2	1	0
134	143	2	1	0
134	145	2	1	0
134	149	2	1	0
134	151	2	1	0
134	153	2	1	0
134	156	2	1	0
134	163	2	1	0
134	165	2	1	0
134	167	2	1	0
134	168	2	1	0
134	169	2	1	0
134	172	2	1	0
134	175	2	1	0
134	177	2	1	0
134	179	2	1	0
134	181	2	1	0
134	182	2	1	0
134	184	2	1	0
134	187	2	1	0
134	188	2	1	0
134	191	2	1	0
134	193	2	1	0
134	194	2	1	0
134	196	2	1	0
134	198	2	1	0
134	201	2	1	0
134	203	2	1	0
134	205	2	1	0
134	208	2	1	0
134	209	2	1	0
134	212	2	1	0
134	214	2	1	0
134	215	2	1	0
134	218	2	1	0
134	219	2	1	0
134	221	2	1	0
134	223	2	1	0
134	226	2	1	0
134	228	2	1	0
135	136	2	1	0
135	139	2	1	0
135	140	2	1	0
135	142	2	1	0
135	145	2	1	0
135	148	2	1	0
135	149	2	1	0
135	152	2	1	0
135	153	2	1	0
135	155	2	1	0
135	159	2	1	0
135	161	2	1	0
135	163	2	1	0
135	165	2	1	0
135	167	2	1	0
135	169	2	1	0
135	172	2	1	0
135	173	2	1	0
135	176	2	1	0
135	179	2	1	0
135	180	2	1	0
135	182	2	1	0
135	184	2	1	0
135	186	2	1	0
135	189	2	1	0
135	190	2	1	0
135	193	2	1	0
135	194	2	1	0
135	196	2	1	0
135	198	2	1	0
135	200	2	1	0
135	202	2	1	0
135	205	2	1	0
135	208	2	1	0
135	210	2	1	0
135	211	2	1	0
135	214	2	1	0
135	215	2	1	0
135	217	2	1	0
135	219	2	1	0
135	222	2	1	0
135	223	2	1	0
135	225	2	1	0
135	227	2	1	0
150	136	2	1	0
154	136	2	1	0
158	136	2	1	0
136	211	2	12	0
224	136	2	2	0
147	137	2	1	0
137	149	2	9	0
137	153	2	9	0
162	137	2	1	0
212	137	2	2	0
137	223	2	9	0
138	149	2	6	0
138	153	2	6	0
138	155	2	6	0
138	176	2	6	0
138	183	2	6	0
138	184	2	6	0
138	194	2	6	0
138	219	2	6	0
138	223	2	6	0
147	139	2	1	0
150	139	2	1	0
154	139	2	1	0
156	139	2	4	0
158	139	2	1	0
162	139	2	1	0
175	139	2	4	0
177	139	2	3	0
185	139	2	4	0
195	139	2	6	0
220	139	2	3	0
224	139	2	2	0
140	142	2	11	0
147	140	2	1	0
140	149	2	11	0
140	153	2	11	0
157	140	2	6	0
158	140	2	1	0
140	211	2	11	0
140	223	2	11	0
143	141	2	3	0
150	141	2	1	0
154	141	2	1	0
162	141	2	1	0
212	141	2	2	0
224	141	2	2	0
144	142	2	9	0
146	142	2	6	0
147	142	2	1	0
148	142	2	10	0
150	142	2	1	0
152	142	2	10	0
154	142	2	1	0
157	142	2	6	0
158	142	2	1	0
159	142	2	8	0
160	142	2	5	0
166	142	2	10	0
170	142	2	10	0
173	142	2	10	0
180	142	2	7	0
185	142	2	4	0
186	142	2	7	0
189	142	2	9	0
190	142	2	13	0
197	142	2	9	0
202	142	2	7	0
204	142	2	2	0
206	142	2	4	0
207	142	2	5	0
210	142	2	10	0
217	142	2	8	0
220	142	2	3	0
224	142	2	2	0
225	142	2	13	0
143	145	2	3	0
143	149	2	3	0
143	151	2	3	0
143	153	2	3	0
162	143	2	1	0
143	167	2	3	0
143	168	2	3	0
143	169	2	3	0
143	181	2	3	0
143	184	2	3	0
143	187	2	3	0
143	188	2	3	0
143	196	2	3	0
143	203	2	3	0
143	205	2	3	0
143	208	2	3	0
143	209	2	3	0
143	218	2	3	0
143	219	2	3	0
143	223	2	3	0
143	226	2	3	0
147	144	2	1	0
144	149	2	9	0
154	144	2	1	0
144	176	2	9	0
144	198	2	9	0
204	144	2	2	0
207	144	2	5	0
144	211	2	9	0
144	225	2	9	0
150	145	2	1	0
145	153	2	12	0
158	145	2	1	0
162	145	2	1	0
177	145	2	3	0
199	145	2	5	0
145	208	2	12	0
212	145	2	2	0
226	145	2	8	0
150	146	2	1	0
146	153	2	6	0
146	155	2	6	0
146	176	2	6	0
146	183	2	6	0
146	192	2	6	0
146	198	2	6	0
146	211	2	6	0
146	225	2	6	0
147	148	2	1	0
147	149	2	1	0
147	152	2	1	0
147	153	2	1	0
147	156	2	1	0
147	157	2	1	0
147	159	2	1	0
147	160	2	1	0
147	163	2	1	0
147	165	2	1	0
147	166	2	1	0
147	170	2	1	0
147	171	2	1	0
147	173	2	1	0
147	176	2	1	0
147	178	2	1	0
147	181	2	1	0
147	184	2	1	0
147	186	2	1	0
147	188	2	1	0
147	190	2	1	0
147	192	2	1	0
147	194	2	1	0
147	197	2	1	0
147	198	2	1	0
147	200	2	1	0
147	202	2	1	0
147	205	2	1	0
147	208	2	1	0
147	210	2	1	0
147	211	2	1	0
147	213	2	1	0
147	215	2	1	0
147	217	2	1	0
147	219	2	1	0
147	222	2	1	0
147	223	2	1	0
147	225	2	1	0
147	228	2	1	0
148	149	2	10	0
154	148	2	1	0
157	148	2	6	0
158	148	2	1	0
159	148	2	8	0
148	176	2	10	0
204	148	2	2	0
207	148	2	5	0
148	211	2	10	0
148	225	2	10	0
151	149	2	11	0
154	149	2	1	0
156	149	2	4	0
157	149	2	6	0
158	149	2	1	0
159	149	2	8	0
160	149	2	5	0
162	149	2	1	0
164	149	2	4	0
167	149	2	11	0
168	149	2	8	0
170	149	2	10	0
172	149	2	9	0
174	149	2	7	0
175	149	2	4	0
177	149	2	3	0
179	149	2	10	0
180	149	2	7	0
184	149	2	17	0
186	149	2	7	0
188	149	2	12	0
190	149	2	13	0
193	149	2	8	0
194	149	2	15	0
197	149	2	9	0
199	149	2	5	0
201	149	2	7	0
202	149	2	7	0
204	149	2	2	0
205	149	2	15	0
207	149	2	5	0
210	149	2	10	0
212	149	2	2	0
214	149	2	10	0
215	149	2	16	0
217	149	2	8	0
219	149	2	18	0
222	149	2	7	0
223	149	2	19	0
226	149	2	8	0
227	149	2	13	0
150	152	2	1	0
150	153	2	1	0
150	155	2	1	0
150	161	2	1	0
150	163	2	1	0
150	165	2	1	0
150	166	2	1	0
150	169	2	1	0
150	171	2	1	0
150	173	2	1	0
150	176	2	1	0
150	178	2	1	0
150	181	2	1	0
150	182	2	1	0
150	183	2	1	0
150	185	2	1	0
150	187	2	1	0
150	189	2	1	0
150	191	2	1	0
150	192	2	1	0
150	195	2	1	0
150	196	2	1	0
150	198	2	1	0
150	200	2	1	0
150	203	2	1	0
150	206	2	1	0
150	208	2	1	0
150	209	2	1	0
150	211	2	1	0
150	213	2	1	0
150	216	2	1	0
150	218	2	1	0
150	220	2	1	0
150	221	2	1	0
150	224	2	1	0
150	225	2	1	0
150	228	2	1	0
151	153	2	11	0
162	151	2	1	0
177	151	2	3	0
151	184	2	11	0
204	151	2	2	0
212	151	2	2	0
151	219	2	11	0
151	223	2	11	0
226	151	2	8	0
154	152	2	1	0
158	152	2	1	0
152	176	2	10	0
185	152	2	4	0
152	211	2	10	0
220	152	2	3	0
224	152	2	2	0
152	225	2	10	0
156	153	2	4	0
157	153	2	6	0
158	153	2	1	0
160	153	2	5	0
162	153	2	1	0
165	153	2	17	0
166	153	2	10	0
168	153	2	8	0
169	153	2	11	0
172	153	2	9	0
173	153	2	10	0
175	153	2	4	0
177	153	2	3	0
179	153	2	10	0
181	153	2	14	0
182	153	2	11	0
184	153	2	17	0
186	153	2	7	0
188	153	2	12	0
191	153	2	7	0
192	153	2	13	0
194	153	2	15	0
197	153	2	9	0
199	153	2	5	0
201	153	2	7	0
202	153	2	7	0
204	153	2	2	0
205	153	2	15	0
207	153	2	5	0
210	153	2	10	0
212	153	2	2	0
214	153	2	10	0
215	153	2	16	0
217	153	2	8	0
219	153	2	18	0
222	153	2	7	0
223	153	2	19	0
226	153	2	8	0
227	153	2	13	0
154	155	2	1	0
154	159	2	1	0
154	161	2	1	0
154	163	2	1	0
154	164	2	1	0
154	167	2	1	0
154	170	2	1	0
154	171	2	1	0
154	174	2	1	0
154	176	2	1	0
154	178	2	1	0
154	180	2	1	0
154	183	2	1	0
154	185	2	1	0
154	187	2	1	0
154	189	2	1	0
154	190	2	1	0
154	193	2	1	0
154	195	2	1	0
154	196	2	1	0
154	198	2	1	0
154	200	2	1	0
154	203	2	1	0
154	206	2	1	0
154	208	2	1	0
154	209	2	1	0
154	211	2	1	0
154	213	2	1	0
154	216	2	1	0
154	218	2	1	0
154	220	2	1	0
154	221	2	1	0
154	224	2	1	0
154	225	2	1	0
154	228	2	1	0
158	155	2	1	0
164	155	2	4	0
174	155	2	7	0
180	155	2	7	0
185	155	2	4	0
204	155	2	2	0
207	155	2	5	0
220	155	2	3	0
224	155	2	2	0
162	156	2	1	0
156	163	2	4	0
156	165	2	4	0
156	181	2	4	0
156	184	2	4	0
156	208	2	4	0
156	219	2	4	0
156	223	2	4	0
157	176	2	6	0
157	192	2	6	0
157	198	2	6	0
157	211	2	6	0
157	223	2	6	0
157	225	2	6	0
158	161	2	1	0
158	165	2	1	0
158	167	2	1	0
158	170	2	1	0
158	172	2	1	0
158	173	2	1	0
158	176	2	1	0
158	179	2	1	0
158	181	2	1	0
158	182	2	1	0
158	184	2	1	0
158	186	2	1	0
158	189	2	1	0
158	190	2	1	0
158	192	2	1	0
158	194	2	1	0
158	197	2	1	0
158	199	2	1	0
158	200	2	1	0
158	202	2	1	0
158	205	2	1	0
158	208	2	1	0
158	209	2	1	0
158	211	2	1	0
158	213	2	1	0
158	215	2	1	0
158	217	2	1	0
158	219	2	1	0
158	221	2	1	0
158	223	2	1	0
158	225	2	1	0
158	227	2	1	0
159	176	2	8	0
159	190	2	8	0
159	198	2	8	0
204	159	2	2	0
207	159	2	5	0
159	211	2	8	0
159	225	2	8	0
160	176	2	5	0
160	178	2	5	0
160	184	2	5	0
160	190	2	5	0
160	200	2	5	0
204	160	2	2	0
160	211	2	5	0
160	213	2	5	0
160	215	2	5	0
160	217	2	5	0
160	219	2	5	0
160	223	2	5	0
185	161	2	4	0
206	161	2	4	0
216	161	2	5	0
220	161	2	3	0
224	161	2	2	0
162	163	2	1	0
162	165	2	1	0
162	167	2	1	0
162	168	2	1	0
162	169	2	1	0
162	172	2	1	0
162	175	2	1	0
162	177	2	1	0
162	179	2	1	0
162	181	2	1	0
162	182	2	1	0
162	184	2	1	0
162	187	2	1	0
162	188	2	1	0
162	191	2	1	0
162	193	2	1	0
162	194	2	1	0
162	196	2	1	0
162	198	2	1	0
162	201	2	1	0
162	203	2	1	0
162	205	2	1	0
162	208	2	1	0
162	209	2	1	0
162	212	2	1	0
162	214	2	1	0
162	215	2	1	0
162	218	2	1	0
162	219	2	1	0
162	221	2	1	0
162	223	2	1	0
162	226	2	1	0
162	228	2	1	0
175	163	2	4	0
177	163	2	3	0
193	163	2	8	0
224	163	2	2	0
164	171	2	4	0
164	176	2	4	0
164	183	2	4	0
164	196	2	4	0
164	209	2	4	0
172	165	2	9	0
175	165	2	4	0
177	165	2	3	0
182	165	2	11	0
197	165	2	9	0
210	165	2	10	0
166	198	2	10	0
204	166	2	2	0
166	211	2	10	0
199	167	2	5	0
212	167	2	2	0
175	168	2	4	0
177	168	2	3	0
168	184	2	8	0
212	168	2	2	0
168	219	2	8	0
168	223	2	8	0
177	169	2	3	0
204	169	2	2	0
170	176	2	10	0
171	176	2	12	0
206	171	2	4	0
224	171	2	2	0
177	172	2	3	0
172	223	2	9	0
173	176	2	10	0
204	173	2	2	0
173	211	2	10	0
174	176	2	7	0
174	183	2	7	0
177	175	2	3	0
175	184	2	4	0
175	187	2	4	0
175	188	2	4	0
175	191	2	4	0
175	205	2	4	0
175	208	2	4	0
175	218	2	4	0
175	219	2	4	0
175	221	2	4	0
175	223	2	4	0
180	176	2	7	0
185	176	2	4	0
186	176	2	7	0
189	176	2	9	0
190	176	2	13	0
192	176	2	13	0
197	176	2	9	0
202	176	2	7	0
204	176	2	2	0
206	176	2	4	0
207	176	2	5	0
210	176	2	10	0
217	176	2	8	0
220	176	2	3	0
222	176	2	7	0
224	176	2	2	0
225	176	2	13	0
177	181	2	3	0
177	184	2	3	0
177	187	2	3	0
177	188	2	3	0
177	191	2	3	0
177	193	2	3	0
177	196	2	3	0
177	203	2	3	0
177	205	2	3	0
177	208	2	3	0
177	209	2	3	0
177	218	2	3	0
177	219	2	3	0
177	221	2	3	0
177	223	2	3	0
177	226	2	3	0
178	200	2	11	0
204	178	2	2	0
178	211	2	11	0
216	178	2	5	0
220	178	2	3	0
224	178	2	2	0
201	179	2	7	0
212	179	2	2	0
179	215	2	10	0
179	219	2	10	0
179	223	2	10	0
180	198	2	7	0
204	180	2	2	0
180	211	2	7	0
180	225	2	7	0
199	181	2	5	0
212	181	2	2	0
226	181	2	8	0
185	183	2	4	0
204	183	2	2	0
206	183	2	4	0
207	183	2	5	0
216	183	2	5	0
220	183	2	3	0
224	183	2	2	0
188	184	2	12	0
199	184	2	5	0
202	184	2	7	0
204	184	2	2	0
212	184	2	2	0
217	184	2	8	0
184	219	2	17	0
184	223	2	17	0
226	184	2	8	0
227	184	2	13	0
185	189	2	4	0
185	198	2	4	0
185	203	2	4	0
185	211	2	4	0
185	218	2	4	0
220	185	2	3	0
224	185	2	2	0
185	225	2	4	0
185	228	2	4	0
186	190	2	7	0
186	200	2	7	0
204	186	2	2	0
186	211	2	7	0
186	223	2	7	0
186	225	2	7	0
191	187	2	7	0
201	187	2	7	0
206	187	2	4	0
212	187	2	2	0
224	187	2	2	0
226	187	2	8	0
204	188	2	2	0
212	188	2	2	0
188	219	2	12	0
188	223	2	12	0
189	211	2	9	0
220	189	2	3	0
224	189	2	2	0
204	190	2	2	0
207	190	2	5	0
190	211	2	13	0
217	190	2	8	0
191	208	2	7	0
212	191	2	2	0
191	218	2	7	0
204	192	2	2	0
207	192	2	5	0
193	208	2	8	0
201	194	2	7	0
204	194	2	2	0
212	194	2	2	0
194	219	2	15	0
194	223	2	15	0
195	200	2	6	0
195	211	2	6	0
220	195	2	3	0
224	195	2	2	0
206	196	2	4	0
212	196	2	2	0
220	196	2	3	0
224	196	2	2	0
197	211	2	9	0
197	219	2	9	0
197	223	2	9	0
204	198	2	2	0
207	198	2	5	0
220	198	2	3	0
224	198	2	2	0
228	198	2	8	0
199	208	2	5	0
199	219	2	5	0
199	223	2	5	0
199	227	2	5	0
202	200	2	7	0
204	200	2	2	0
200	211	2	14	0
213	200	2	11	0
216	200	2	5	0
217	200	2	8	0
220	200	2	3	0
224	200	2	2	0
201	203	2	7	0
212	201	2	2	0
201	214	2	7	0
201	215	2	7	0
201	218	2	7	0
201	219	2	7	0
201	223	2	7	0
204	202	2	2	0
202	211	2	7	0
202	215	2	7	0
202	219	2	7	0
202	223	2	7	0
202	225	2	7	0
206	203	2	4	0
212	203	2	2	0
216	203	2	5	0
220	203	2	3	0
224	203	2	2	0
226	203	2	8	0
204	207	2	2	0
204	211	2	2	0
204	213	2	2	0
204	215	2	2	0
204	217	2	2	0
204	219	2	2	0
204	221	2	2	0
204	223	2	2	0
204	225	2	2	0
204	227	2	2	0
205	223	2	15	0
206	208	2	4	0
206	218	2	4	0
224	206	2	2	0
207	211	2	5	0
207	223	2	5	0
207	225	2	5	0
212	208	2	2	0
224	208	2	2	0
226	208	2	8	0
212	209	2	2	0
220	209	2	3	0
224	209	2	2	0
210	211	2	10	0
210	219	2	10	0
210	223	2	10	0
213	211	2	11	0
216	211	2	5	0
217	211	2	8	0
220	211	2	3	0
224	211	2	2	0
225	211	2	13	0
212	214	2	2	0
212	215	2	2	0
212	218	2	2	0
212	219	2	2	0
212	223	2	2	0
212	226	2	2	0
216	213	2	5	0
220	213	2	3	0
224	213	2	2	0
214	215	2	10	0
214	219	2	10	0
214	223	2	10	0
215	219	2	16	0
222	215	2	7	0
215	223	2	16	0
220	216	2	3	0
216	221	2	5	0
224	216	2	2	0
217	219	2	8	0
217	223	2	8	0
220	218	2	3	0
224	218	2	2	0
222	219	2	7	0
219	223	2	18	0
226	219	2	8	0
227	219	2	13	0
220	221	2	3	0
224	220	2	2	0
220	225	2	3	0
220	228	2	3	0
224	221	2	2	0
222	223	2	7	0
226	223	2	8	0
227	223	2	13	0
224	225	2	2	0
224	228	2	2	0
